1.6000000000000001 0.7909922501438067
0.2000000000000002 -3.6276905188720443
3.0000000000000000 1.6764103007618800
0.9000000000000001 -0.1925686101385113
2.2999999999999998 1.3241730664951343
0.5500000000000003 -1.1721773801651130
1.2500000000000000 0.3904238492812018
1.9500000000000002 1.0894585004923567
2.6499999999999999 1.5157431828292516
0.3750000000000002 -2.0285967090511998
0.7250000000000001 -0.6063116210134405
1.0750000000000002 0.1293026704529110
1.4250000000000000 0.6070595959956586
1.7750000000000001 0.9499989961288948
2.1250000000000000 1.2132311842251275
2.4750000000000001 1.4244507046664887
2.8250000000000002 1.5993755860694008
0.2875000000000001 -2.6741009300132488
0.4625000000000001 -1.5490669551628562
0.6375000000000002 -0.8644876012165568
0.8125000000000001 -0.3851419836344450
0.9875000000000002 -0.0226833321027973
1.1625000000000001 0.2663864073802672
1.3375000000000001 0.5034457608952212
1.5125000000000002 0.7025575407363929
1.6875000000000000 0.8732316642533903
1.8625000000000000 1.0219025685211398
2.0375000000000001 1.1531080666109685
2.2124999999999999 1.2701572072514455
2.3875000000000002 1.3755303665417091
2.5625000000000000 1.4711302087357592
2.7374999999999998 1.5584451923935809
2.9125000000000001 1.6386596292790840
