1.6000000000000001 -305.4243123886504918
0.2000000000000002 -305.8160956994433946
3.0000000000000000 -305.3273438813500320
0.9000000000000001 -305.5258492203124661
2.2999999999999998 -305.3663705049625605
0.5500000000000003 -305.6183962083565575
1.2500000000000000 -305.4666722257428546
1.9500000000000002 -305.3920628857471229
2.6499999999999999 -305.3452098842032001
0.3750000000000002 -305.6912293583509950
0.7250000000000001 -305.5661220872157173
1.0750000000000002 -305.4934996511308896
1.4250000000000000 -305.4439162690074454
1.7750000000000001 -305.4071940403507597
2.1250000000000000 -305.3785482724988469
2.4750000000000001 -305.3553140968384696
2.8250000000000002 -305.3359228919462112
0.2875000000000001 -305.7440563750914748
0.4625000000000001 -305.6512568619040167
0.6375000000000002 -305.5903966881299993
0.8125000000000001 -305.5447948695128844
0.9875000000000002 -305.5088611364926692
1.1625000000000001 -305.4795037694610187
1.3375000000000001 -305.4548506405887451
1.5125000000000002 -305.4337664122691649
1.6875000000000000 -305.4154771376784652
1.8625000000000000 -305.3994057497081940
2.0375000000000001 -305.3851227597554612
2.2124999999999999 -305.3723070119143586
2.3875000000000002 -305.3607136256040917
2.5625000000000000 -305.3501520898701074
2.7374999999999998 -305.3404715861969407
2.9125000000000001 -305.3315508878967535
