1.0000000000000000 68.8021851640835109 68.5388906651677701
2.0000000000000000 55.0373356601964616 54.8272861799267872
3.0000000000000000 44.0263225723219733 43.8587633869819769
4.0000000000000000 35.2182086851047984 35.0845552154507274
5.0000000000000000 28.1722775099053990 28.0656777603938075
6.0000000000000000 22.5359826270988037 22.4509678012218004
7.0000000000000000 18.0273084351002524 17.9595139603300460
8.0000000000000000 14.4206597709244306 14.3666025520690237
9.0000000000000000 11.5355744315409083 11.4924750040890604
10.0000000000000000 9.2276938541072013 9.1933343916098362
