TASMANIAN SG 4.0
WARNING: do not edit this manually
localpolynomial
1 1 1 5
localp
1 1 33 0 1 2 3 4 5 6 7 8 9 10 11 12 13 14 15 16 17 18 19 20 21 22 23 24 25 26 27 28 29 30 31 32
1  -2.52351330931000092e+02 -1.03210091262064907e+00 2.35259831681872811e-01 2.63495040454870377e-01 2.34110494385220136e-02 1.51251903746725702e-01 2.19139248466717618e-02 8.17235830140816688e-03 4.04363990369915882e-03 7.52204816027699508e-02 1.66676477506655374e-02 7.22801349050428144e-03 4.05888217252936556e-03 2.48928065349218741e-03 1.65696890556432663e-03 1.17167882257263045e-03 8.66523804006646969e-04 2.91122328480923898e-02 1.03439624590180301e-02 5.26834671981646352e-03 3.23915741955715930e-03 2.14594657759903384e-03 1.51915816709902174e-03 1.15381973645867220e-03 8.86021235913858618e-04 6.94011863885179991e-04 5.56065480537881740e-04 4.54135159912993913e-04 3.76911386069878063e-04 3.17145844093147389e-04 2.70043589836177489e-04 2.32327203036675201e-04 2.01707174568355185e-04
0
0
1 0
0 2 3 4 6 8 10 12 14 16 18 20 22 24 26 28 30 32 32 32 32 32 32 32 32 32 32 32 32 32 32 32 32 32
1 2 3 4 5 6 7 8 9 10 11 12 13 14 15 16 17 18 19 20 21 22 23 24 25 26 27 28 29 30 31 32
1 33 1 -2.52351330931000092e+02 -2.53383431843620741e+02 -2.52116071099318219e+02 -2.52603886346855546e+02 -2.52210289965720619e+02 -2.52842407191491418e+02 -2.52455694714081147e+02 -2.52272638090058962e+02 -2.52159136892615720e+02 -2.53037699035953324e+02 -2.52706479121422831e+02 -2.52522562516977871e+02 -2.52399453940368062e+02 -2.52309495229876035e+02 -2.52239807058984240e+02 -2.52183541750345626e+02 -2.52136737472162935e+02 -2.53181453206938954e+02 -2.52929709151263353e+02 -2.52769174809737308e+02 -2.52651943576719617e+02 -2.52561078485339095e+02 -2.52487609457362396e+02 -2.52426420507488160e+02 -2.52374506414448149e+02 -2.52329719068574178e+02 -2.52290510594486960e+02 -2.52255768439361702e+02 -2.52224671600966360e+02 -2.52196598712189029e+02 -2.52171069277890808e+02 -2.52147704855186305e+02 -2.52126202578566051e+02
custom
2.00000000000000011e-01 3.00000000000000000e+00
TASMANIAN SG end
