TASMANIAN SG 4.0
WARNING: do not edit this manually
localpolynomial
1 1 1 5
localp
1 1 33 0 1 2 3 4 5 6 7 8 9 10 11 12 13 14 15 16 17 18 19 20 21 22 23 24 25 26 27 28 29 30 31 32
1  -3.05424312388650492e+02 -3.91783310792902739e-01 9.69685073004598053e-02 9.43548237344771223e-02 9.45763003767297050e-03 5.25762515213727966e-02 8.40857873868117167e-03 3.27856105940327325e-03 1.64730895312459324e-03 2.60165955489810585e-02 6.00062711879445487e-03 2.76107189671392916e-03 1.57603818922780192e-03 9.93596848047673120e-04 6.68422855937933491e-04 4.76097744410708401e-04 3.53990830433303927e-04 9.60615380569151966e-03 3.55592144973115865e-03 1.86245965613807130e-03 1.19078425126417642e-03 8.13299229093900067e-04 5.82168975824970403e-04 4.43606786348027526e-04 3.47916559746863641e-04 2.76076822160575830e-04 2.22713340747304755e-04 1.82819367580577818e-04 1.52376816345167754e-04 1.28675296480196266e-04 1.09900650727468019e-04 9.48018777080505970e-05 8.24987513965425023e-05
0
0
1 0
0 2 3 4 6 8 10 12 14 16 18 20 22 24 26 28 30 32 32 32 32 32 32 32 32 32 32 32 32 32 32 32 32 32
1 2 3 4 5 6 7 8 9 10 11 12 13 14 15 16 17 18 19 20 21 22 23 24 25 26 27 28 29 30 31 32
1 33 1 -3.05424312388650492e+02 -3.05816095699443395e+02 -3.05327343881350032e+02 -3.05525849220312466e+02 -3.05366370504962561e+02 -3.05618396208356558e+02 -3.05466672225742855e+02 -3.05392062885747123e+02 -3.05345209884203200e+02 -3.05691229358350995e+02 -3.05566122087215717e+02 -3.05493499651130890e+02 -3.05443916269007445e+02 -3.05407194040350760e+02 -3.05378548272498847e+02 -3.05355314096838470e+02 -3.05335922891946211e+02 -3.05744056375091475e+02 -3.05651256861904017e+02 -3.05590396688129999e+02 -3.05544794869512884e+02 -3.05508861136492669e+02 -3.05479503769461019e+02 -3.05454850640588745e+02 -3.05433766412269165e+02 -3.05415477137678465e+02 -3.05399405749708194e+02 -3.05385122759755461e+02 -3.05372307011914359e+02 -3.05360713625604092e+02 -3.05350152089870107e+02 -3.05340471586196941e+02 -3.05331550887896753e+02
custom
2.00000000000000011e-01 3.00000000000000000e+00
TASMANIAN SG end
