TASMANIAN SG 4.0
WARNING: do not edit this manually
localpolynomial
1 1 1 5
localp
1 1 33 0 1 2 3 4 5 6 7 8 9 10 11 12 13 14 15 16 17 18 19 20 21 22 23 24 25 26 27 28 29 30 31 32
1  -1.22732707699600141e+02 -2.72062512124001898e+00 5.69515148982461028e-01 7.34569922967935440e-01 5.77081382709963009e-02 4.35106074973361956e-01 5.68075411766955085e-02 2.02724788988177806e-02 9.89133911072315186e-03 2.17961670081308512e-01 4.59512826448502665e-02 1.88188944565723659e-02 1.03054978814327569e-02 6.20279241323373753e-03 4.08971171978578241e-03 2.87281621433521650e-03 2.11427055793933505e-03 8.83669885554070333e-02 3.00898957772375297e-02 1.48091627038695606e-02 8.73542445516761745e-03 5.58581278947656301e-03 3.99435198839626082e-03 2.95844718914395344e-03 2.23084227559411374e-03 1.73415938530752101e-03 1.38151924441842766e-03 1.12302072108150242e-03 9.28435557767670616e-04 7.78671093158322947e-04 6.61167438437360033e-04 5.67452504853349637e-04 4.91623798112073018e-04
0
0
1 0
0 2 3 4 6 8 10 12 14 16 18 20 22 24 26 28 30 32 32 32 32 32 32 32 32 32 32 32 32 32 32 32 32 32
1 2 3 4 5 6 7 8 9 10 11 12 13 14 15 16 17 18 19 20 21 22 23 24 25 26 27 28 29 30 31 32
1 33 1 -1.22732707699600141e+02 -1.25453332820840160e+02 -1.22163192550617680e+02 -1.23358450337252208e+02 -1.22390241986837921e+02 -1.23970785504072836e+02 -1.22988771477249486e+02 -1.22541202364320199e+02 -1.22266825929617085e+02 -1.24494097492375190e+02 -1.23618666638017672e+02 -1.23154792012794260e+02 -1.22850434090543388e+02 -1.22630752239546950e+02 -1.22461632463859274e+02 -1.22325661142013146e+02 -1.22212894969559443e+02 -1.24885348168052261e+02 -1.24202351602446768e+02 -1.23779916908341363e+02 -1.23479823063179765e+02 -1.23251035362233779e+02 -1.23067787393033484e+02 -1.22916644336707293e+02 -1.22789340052796177e+02 -1.22679995810188245e+02 -1.22584595782689149e+02 -1.22500294393368648e+02 -1.22425008789790837e+02 -1.22357172893332375e+02 -1.22295582368376671e+02 -1.22239292997083410e+02 -1.22187552136290449e+02
custom
2.00000000000000011e-01 3.00000000000000000e+00
TASMANIAN SG end
