TASMANIAN SG 4.0
WARNING: do not edit this manually
localpolynomial
1 1 1 5
localp
1 1 33 0 1 2 3 4 5 6 7 8 9 10 11 12 13 14 15 16 17 18 19 20 21 22 23 24 25 26 27 28 29 30 31 32
1  -2.96220690884780424e+02 -4.99111713034722015e-01 1.21047195212099723e-01 1.21994628012600970e-01 1.18679174628937290e-02 6.84727053517235618e-02 1.06884535160816085e-02 4.12159399763822876e-03 2.06264312373605208e-03 3.39182430163305071e-02 7.75174036550652090e-03 3.51464920134958447e-03 1.99869444259093143e-03 1.25079105231407084e-03 8.39078657691061380e-04 5.96531842859349126e-04 4.42923472348866198e-04 1.26725472813973283e-02 4.64393380758565399e-03 2.41660090682671580e-03 1.53047470610090386e-03 1.03767293109058301e-03 7.39896832499198354e-04 5.63672933424186340e-04 4.40103283438020298e-04 3.47883389451908442e-04 2.80095316497863678e-04 2.29618094863326405e-04 1.91173206474104518e-04 1.61287739672388852e-04 1.37645517611417745e-04 1.18653815775360272e-04 1.03193080633445788e-04
0
0
1 0
0 2 3 4 6 8 10 12 14 16 18 20 22 24 26 28 30 32 32 32 32 32 32 32 32 32 32 32 32 32 32 32 32 32
1 2 3 4 5 6 7 8 9 10 11 12 13 14 15 16 17 18 19 20 21 22 23 24 25 26 27 28 29 30 31 32
1 33 1 -2.96220690884780424e+02 -2.96719802597815146e+02 -2.96099643689568325e+02 -2.96348252113285184e+02 -2.96148299369711481e+02 -2.96465554650198442e+02 -2.96273783045516723e+02 -2.96180373533248314e+02 -2.96121908886516167e+02 -2.96558760380990464e+02 -2.96399151641376307e+02 -2.96307502930199576e+02 -2.96245238270706011e+02 -2.96199281417962027e+02 -2.96163497372822235e+02 -2.96134507596270964e+02 -2.96110333364569897e+02 -2.96626608942121436e+02 -2.96507513581786839e+02 -2.96429936544880547e+02 -2.96372171402624645e+02 -2.96326839848811233e+02 -2.96289903091025678e+02 -2.96258946985178000e+02 -2.96232524474459808e+02 -2.96209638267981802e+02 -2.96189547380288730e+02 -2.96171705834940440e+02 -2.96155707198060327e+02 -2.96141242195251550e+02 -2.96128070595875954e+02 -2.96116002471727256e+02 -2.96104885333988477e+02
custom
2.00000000000000011e-01 3.00000000000000000e+00
TASMANIAN SG end
