TASMANIAN SG 4.0
WARNING: do not edit this manually
localpolynomial
1 1 1 5
localp
1 1 33 0 1 2 3 4 5 6 7 8 9 10 11 12 13 14 15 16 17 18 19 20 21 22 23 24 25 26 27 28 29 30 31 32
1  -1.66646213505471849e+02 -2.13500168450528349e+00 4.56669014161491305e-01 5.68569003718323529e-01 4.60727853979676638e-02 3.34098541053322151e-01 4.47966787775158082e-02 1.61604002285571369e-02 7.91168485358184626e-03 1.67023669028907307e-01 3.56877255514405078e-02 1.48175571323179156e-02 8.17483718566336393e-03 4.93924029714776225e-03 3.26412074286963616e-03 2.29655505324899423e-03 1.69215703942882101e-03 6.69382584227093957e-02 2.30402557184277157e-02 1.14448908212807510e-02 6.82225398364266766e-03 4.40442541909646934e-03 3.13213773421239239e-03 2.34283015240066561e-03 1.77211337236826694e-03 1.37996965619890943e-03 1.10088110062633859e-03 8.95904208846332040e-04 7.41369333780994566e-04 6.22269372257733266e-04 5.28725389415285463e-04 4.54047057928619324e-04 3.93574258310991354e-04
0
0
1 0
0 2 3 4 6 8 10 12 14 16 18 20 22 24 26 28 30 32 32 32 32 32 32 32 32 32 32 32 32 32 32 32 32 32
1 2 3 4 5 6 7 8 9 10 11 12 13 14 15 16 17 18 19 20 21 22 23 24 25 26 27 28 29 30 31 32
1 33 1 -1.66646213505471849e+02 -1.68781215189977132e+02 -1.66189544491310357e+02 -1.67145145344006153e+02 -1.66371806212993135e+02 -1.67629081725938335e+02 -1.66850882745961485e+02 -1.66492849459003963e+02 -1.66272763667298136e+02 -1.68038124788928826e+02 -1.67351425809420789e+02 -1.66983196487851501e+02 -1.66740373288531032e+02 -1.66564592241940744e+02 -1.66429063715255666e+02 -1.66319988385092415e+02 -1.66229461922264818e+02 -1.68342731731030256e+02 -1.67810563001715138e+02 -1.67478808876858295e+02 -1.67241463322729828e+02 -1.67059766490509730e+02 -1.66913907479172281e+02 -1.66793285187093829e+02 -1.66691521283629072e+02 -1.66604022904050112e+02 -1.66527619969371699e+02 -1.66460060682920954e+02 -1.66399693594790619e+02 -1.66345275029670489e+02 -1.66295847300805860e+02 -1.66250658747723548e+02 -1.66209109632529305e+02
custom
2.00000000000000011e-01 3.00000000000000000e+00
TASMANIAN SG end
