TASMANIAN SG 4.0
WARNING: do not edit this manually
localpolynomial
1 1 1 5
localp
1 1 33 0 1 2 3 4 5 6 7 8 9 10 11 12 13 14 15 16 17 18 19 20 21 22 23 24 25 26 27 28 29 30 31 32
1  7.90992250143806697e-01 -4.41868276901585055e+00 8.85418050618073327e-01 1.22578052422560724e+00 9.04717910422909721e-02 7.37952184340164630e-01 9.12120292785540965e-02 3.18758421728863039e-02 1.54514992007445118e-02 3.71337240467378482e-01 7.60613741383719955e-02 3.03750508815657794e-02 1.63515462831543834e-02 9.77362081081301071e-03 6.41540073138191502e-03 4.49258000429586524e-03 3.29884427383486667e-03 1.54042683948373504e-01 5.13200894453000878e-02 2.47568993727198539e-02 1.42981319415307340e-02 8.94963774000268053e-03 6.52314751321092512e-03 4.70403825679099885e-03 3.53161766666010291e-03 2.73604111703951158e-03 2.17382021051404362e-03 1.76322425222630308e-03 1.45508189131449139e-03 1.21848096089760549e-03 1.03326498788902654e-03 8.85807944254857205e-04 7.66685863443750115e-04
0
0
1 0
0 2 3 4 6 8 10 12 14 16 18 20 22 24 26 28 30 32 32 32 32 32 32 32 32 32 32 32 32 32 32 32 32 32
1 2 3 4 5 6 7 8 9 10 11 12 13 14 15 16 17 18 19 20 21 22 23 24 25 26 27 28 29 30 31 32
1 33 1 7.90992250143806697e-01 -3.62769051887204430e+00 1.67641030076188002e+00 -1.92568610138511315e-01 1.32417306649513433e+00 -1.17217738016511297e+00 3.90423849281201829e-01 1.08945850049235671e+00 1.51574318282925158e+00 -2.02859670905119982e+00 -6.06311621013440494e-01 1.29302670452911023e-01 6.07059595995658619e-01 9.49998996128894824e-01 1.21323118422512755e+00 1.42445070466648871e+00 1.59937558606940078e+00 -2.67410093001324878e+00 -1.54906695516285620e+00 -8.64487601216556767e-01 -3.85141983634445018e-01 -2.26833321027973267e-02 2.66386407380267198e-01 5.03445760895221195e-01 7.02557540736392871e-01 8.73231664253390272e-01 1.02190256852113981e+00 1.15310806661096854e+00 1.27015720725144554e+00 1.37553036654170913e+00 1.47113020873575917e+00 1.55844519239358092e+00 1.63865962927908404e+00
custom
2.00000000000000011e-01 3.00000000000000000e+00
TASMANIAN SG end
