TASMANIAN SG 4.0
WARNING: do not edit this manually
localpolynomial
1 1 1 5
localp
1 1 33 0 1 2 3 4 5 6 7 8 9 10 11 12 13 14 15 16 17 18 19 20 21 22 23 24 25 26 27 28 29 30 31 32
1  -2.70331935346096884e+02 -8.10090732234755251e-01 1.88543577516611549e-01 2.03865481064326559e-01 1.86719502216305955e-02 1.16137791095127341e-01 1.72550424463224772e-02 6.50713457002893847e-03 3.23162205324933893e-03 5.76734296821541648e-02 1.29194577843350089e-02 5.68636296657132334e-03 3.20786471007750151e-03 1.97969969815403601e-03 1.32108752603699031e-03 9.35809393581621407e-04 6.92980059852743580e-04 2.20611244727706435e-02 7.92051429601769996e-03 4.06450531141899774e-03 2.52422736940616232e-03 1.68563272092114858e-03 1.19502840016139089e-03 9.09240561952628923e-04 7.02310694975949446e-04 5.51530973268654634e-04 4.42578625211353938e-04 3.61896892968616157e-04 3.00666252769588027e-04 2.53209979462099000e-04 2.15762777031613950e-04 1.85746752890736389e-04 1.61356069838802796e-04
0
0
1 0
0 2 3 4 6 8 10 12 14 16 18 20 22 24 26 28 30 32 32 32 32 32 32 32 32 32 32 32 32 32 32 32 32 32
1 2 3 4 5 6 7 8 9 10 11 12 13 14 15 16 17 18 19 20 21 22 23 24 25 26 27 28 29 30 31 32
1 33 1 -2.70331935346096884e+02 -2.71142026078331639e+02 -2.70143391768580273e+02 -2.70533115231149907e+02 -2.70218991607116948e+02 -2.70721432863645646e+02 -2.70415270246177101e+02 -2.70268956342036859e+02 -2.70177960065795389e+02 -2.70874056041306460e+02 -2.70614354589613527e+02 -2.70468506375696961e+02 -2.70370394931426858e+02 -2.70298466144368717e+02 -2.70242652887050895e+02 -2.70197540027062587e+02 -2.70159982937127950e+02 -2.70985979935346279e+02 -2.70789823938180064e+02 -2.70663829221318110e+02 -2.70571210683012282e+02 -2.70499125170702541e+02 -2.70440693282536813e+02 -2.70391923348240027e+02 -2.70350462828066952e+02 -2.70314649214259532e+02 -2.70283268664577577e+02 -2.70255442717650965e+02 -2.70230521580831123e+02 -2.70208012607110277e+02 -2.70187534283651928e+02 -2.70168785754708722e+02 -2.70151525996784244e+02
custom
2.00000000000000011e-01 3.00000000000000000e+00
TASMANIAN SG end
