TASMANIAN SG 4.0
WARNING: do not edit this manually
localpolynomial
1 1 1 5
localp
1 1 33 0 1 2 3 4 5 6 7 8 9 10 11 12 13 14 15 16 17 18 19 20 21 22 23 24 25 26 27 28 29 30 31 32
1  6.92492531572772028e-310 0.00000000000000000e+00 0.00000000000000000e+00 0.00000000000000000e+00 0.00000000000000000e+00 0.00000000000000000e+00 0.00000000000000000e+00 0.00000000000000000e+00 0.00000000000000000e+00 0.00000000000000000e+00 0.00000000000000000e+00 0.00000000000000000e+00 0.00000000000000000e+00 0.00000000000000000e+00 0.00000000000000000e+00 0.00000000000000000e+00 0.00000000000000000e+00 0.00000000000000000e+00 0.00000000000000000e+00 0.00000000000000000e+00 0.00000000000000000e+00 0.00000000000000000e+00 0.00000000000000000e+00 0.00000000000000000e+00 0.00000000000000000e+00 0.00000000000000000e+00 0.00000000000000000e+00 0.00000000000000000e+00 0.00000000000000000e+00 0.00000000000000000e+00 0.00000000000000000e+00 0.00000000000000000e+00 0.00000000000000000e+00
0
0
1 0
0 2 3 4 6 8 10 12 14 16 18 20 22 24 26 28 30 32 32 32 32 32 32 32 32 32 32 32 32 32 32 32 32 32
1 2 3 4 5 6 7 8 9 10 11 12 13 14 15 16 17 18 19 20 21 22 23 24 25 26 27 28 29 30 31 32
1 33 1 6.92492531572772028e-310 6.92492531572772028e-310 6.92492531572772028e-310 6.92492531572772028e-310 6.92492531572772028e-310 6.92492531572772028e-310 6.92492531572772028e-310 6.92492531572772028e-310 6.92492531572772028e-310 6.92492531572772028e-310 6.92492531572772028e-310 6.92492531572772028e-310 6.92492531572772028e-310 6.92492531572772028e-310 6.92492531572772028e-310 6.92492531572772028e-310 6.92492531572772028e-310 6.92492531572772028e-310 6.92492531572772028e-310 6.92492531572772028e-310 6.92492531572772028e-310 6.92492531572772028e-310 6.92492531572772028e-310 6.92492531572772028e-310 6.92492531572772028e-310 6.92492531572772028e-310 6.92492531572772028e-310 6.92492531572772028e-310 6.92492531572772028e-310 6.92492531572772028e-310 6.92492531572772028e-310 6.92492531572772028e-310 6.92492531572772028e-310
custom
2.00000000000000011e-01 3.00000000000000000e+00
TASMANIAN SG end
