TASMANIAN SG 4.0
WARNING: do not edit this manually
localpolynomial
1 1 1 5
localp
1 1 33 0 1 2 3 4 5 6 7 8 9 10 11 12 13 14 15 16 17 18 19 20 21 22 23 24 25 26 27 28 29 30 31 32
1  -2.01773911979960843e+02 -1.67552914806134368e+00 3.66135206381528633e-01 4.40038606553315503e-01 3.67744178120972265e-02 2.56538032796157722e-01 3.53100625589206629e-02 1.28788086172448857e-02 6.32695204521382948e-03 1.28007929873405146e-01 2.77024320965040260e-02 1.16666745513782644e-02 6.47940771196431342e-03 3.93188441009328926e-03 2.60452918388409671e-03 1.83548680126932595e-03 1.35406194965526083e-03 5.07107021019521653e-02 1.76422462595269280e-02 8.84072065554164510e-03 5.32516705985131011e-03 3.46909379095450277e-03 2.45885690705449633e-03 1.85258270241206446e-03 1.40721329012194474e-03 1.09776954991502862e-03 8.76997143848257110e-04 7.14530609513985837e-04 5.91850345500688491e-04 4.97170427848914187e-04 4.22725821664471368e-04 3.63234912839516255e-04 3.15021559202932622e-04
0
0
1 0
0 2 3 4 6 8 10 12 14 16 18 20 22 24 26 28 30 32 32 32 32 32 32 32 32 32 32 32 32 32 32 32 32 32
1 2 3 4 5 6 7 8 9 10 11 12 13 14 15 16 17 18 19 20 21 22 23 24 25 26 27 28 29 30 31 32
1 33 1 -2.01773911979960843e+02 -2.03449441128022187e+02 -2.01407776773579315e+02 -2.02171637947438199e+02 -2.01554069958957996e+02 -2.02554001504934064e+02 -2.01937464901140572e+02 -2.01651112160842160e+02 -2.01474596414223413e+02 -2.02873713386604720e+02 -2.02335117294089599e+02 -2.02042884749738050e+02 -2.01849209032838729e+02 -2.01708580185991394e+02 -2.01599986530716194e+02 -2.01512497699789463e+02 -2.01439832531951708e+02 -2.03110866555211487e+02 -2.02696215199509851e+02 -2.02435718678856261e+02 -2.02248052453704048e+02 -2.02103792254797156e+02 -2.01987715968532257e+02 -2.01891484384287253e+02 -2.01810153293109693e+02 -2.01740148313426261e+02 -2.01678969176272943e+02 -2.01624834815169663e+02 -2.01576436394491566e+02 -2.01532786658945838e+02 -2.01493124331184788e+02 -2.01456851238174750e+02 -2.01423489631206309e+02
custom
2.00000000000000011e-01 3.00000000000000000e+00
TASMANIAN SG end
