TASMANIAN SG 4.0
WARNING: do not edit this manually
localpolynomial
1 1 1 5
localp
1 1 33 0 1 2 3 4 5 6 7 8 9 10 11 12 13 14 15 16 17 18 19 20 21 22 23 24 25 26 27 28 29 30 31 32
1  -2.84715143997343944e+02 -6.35857235697301348e-01 1.51082631299800596e-01 1.57712766432496210e-01 1.48881975857761972e-02 8.91755144687067514e-02 1.35824977078868869e-02 5.17961901527996815e-03 2.58209276785237307e-03 4.42257275679480699e-02 1.00096102726183744e-02 4.47159613389658261e-03 2.53306849640466680e-03 1.57388984490580697e-03 1.05300046465117703e-03 7.47245374384419847e-04 5.54077976687494811e-04 1.67195096072418892e-02 6.06484563860476555e-03 3.13459500694079907e-03 1.96603977212816972e-03 1.32303136712152991e-03 9.40285261151529994e-04 7.16051365316161537e-04 5.56211900573089224e-04 4.38128816995231318e-04 3.52142407052724593e-04 2.88309807444875332e-04 2.39781001710070996e-04 2.02113701675443735e-04 1.72353463369745441e-04 1.48473565388940187e-04 1.29051321323458978e-04
0
0
1 0
0 2 3 4 6 8 10 12 14 16 18 20 22 24 26 28 30 32 32 32 32 32 32 32 32 32 32 32 32 32 32 32 32 32
1 2 3 4 5 6 7 8 9 10 11 12 13 14 15 16 17 18 19 20 21 22 23 24 25 26 27 28 29 30 31 32
1 33 1 -2.84715143997343944e+02 -2.85351001233041245e+02 -2.84564061366044143e+02 -2.84875359848760127e+02 -2.84624714484108267e+02 -2.85024005026431951e+02 -2.84781669425344148e+02 -2.84664749621710826e+02 -2.84591805832308296e+02 -2.85143277402168678e+02 -2.84939672827323420e+02 -2.84824043040918184e+02 -2.84745873642847641e+02 -2.84688372919682479e+02 -2.84643679052444895e+02 -2.84607512912833954e+02 -2.84577379521199532e+02 -2.85230419807997691e+02 -2.85077576368661767e+02 -2.84978704331870745e+02 -2.84905550298269588e+02 -2.84848378413472062e+02 -2.84801915947869986e+02 -2.84763055482730522e+02 -2.84729952608195276e+02 -2.84701320329696273e+02 -2.84676209128289599e+02 -2.84653926027270415e+02 -2.84633956987274814e+02 -2.84615911584769435e+02 -2.84599487019107755e+02 -2.84584444203188525e+02 -2.84570591392300514e+02
custom
2.00000000000000011e-01 3.00000000000000000e+00
TASMANIAN SG end
