TASMANIAN SG 4.0
WARNING: do not edit this manually
localpolynomial
1 1 1 5
localp
1 1 33 0 1 2 3 4 5 6 7 8 9 10 11 12 13 14 15 16 17 18 19 20 21 22 23 24 25 26 27 28 29 30 31 32
1  -2.29873583956892276e+02 -1.31500517579769394e+00 2.93510714956084939e-01 3.40529198993664295e-01 2.93453122808671196e-02 1.96982231772949490e-01 2.78217680166221726e-02 1.02606528241153683e-02 5.05859312579559628e-03 9.81197321972047121e-02 2.14931936850746297e-02 9.18425637718200960e-03 5.13078383602305621e-03 3.12900485371869763e-03 2.07768359061333285e-03 1.46665898100195591e-03 1.08330915830379126e-03 3.84208012931708254e-02 1.35089137960733296e-02 6.82607892869668831e-03 4.15432892071976312e-03 2.72969039664872071e-03 1.93206595878336884e-03 1.46288496733859574e-03 1.11694707149467831e-03 8.72993935331578541e-04 6.98437576943433669e-04 5.69721888439289614e-04 4.72368459838889976e-04 3.97130243584342679e-04 3.37904548871392763e-04 2.90528008349610900e-04 2.52099763883961714e-04
0
0
1 0
0 2 3 4 6 8 10 12 14 16 18 20 22 24 26 28 30 32 32 32 32 32 32 32 32 32 32 32 32 32 32 32 32 32
1 2 3 4 5 6 7 8 9 10 11 12 13 14 15 16 17 18 19 20 21 22 23 24 25 26 27 28 29 30 31 32
1 33 1 -2.29873583956892276e+02 -2.31188589132689970e+02 -2.29580073241936191e+02 -2.30190557345797458e+02 -2.29697483287133366e+02 -2.30492591007470736e+02 -2.30004248883328245e+02 -2.29775272969188705e+02 -2.29633719671408983e+02 -2.30742470337883162e+02 -2.30320080982949037e+02 -2.30088218858185655e+02 -2.29933785636274251e+02 -2.29821299458186786e+02 -2.29734300444570408e+02 -2.29664134820290172e+02 -2.29605813147514283e+02 -2.30927108933993395e+02 -2.30604021758880918e+02 -2.30399509916281175e+02 -2.30251164835452528e+02 -2.30136658411594908e+02 -2.30044301804798181e+02 -2.29967554374833924e+02 -2.29902567849511740e+02 -2.29846568713604171e+02 -2.29797587776110845e+02 -2.29754216984991103e+02 -2.29715419497392020e+02 -2.29680411923468171e+02 -2.29648589341300692e+02 -2.29619475881453297e+02 -2.29592691094961339e+02
custom
2.00000000000000011e-01 3.00000000000000000e+00
TASMANIAN SG end
