TASMANIAN SG 4.0
WARNING: do not edit this manually
localpolynomial
1 1 1 5
localp
1 1 33 0 1 2 3 4 5 6 7 8 9 10 11 12 13 14 15 16 17 18 19 20 21 22 23 24 25 26 27 28 29 30 31 32
1  -6.78359764805542795e+01 -3.46709724888327742e+00 7.10156138127544523e-01 9.48947919305979326e-01 7.22646492433227650e-02 5.66647698266336874e-01 7.20033049090602617e-02 2.54239186471494349e-02 1.23638839458379834e-02 2.84474615580236900e-01 5.91354722234598285e-02 2.39043155490605841e-02 1.29835351132783217e-02 7.78726077807334605e-03 5.12284386884687137e-03 3.59291195101718586e-03 2.64119336577550712e-03 1.16666413574634475e-01 3.92965163562166708e-02 1.91527165698914814e-02 1.11789547485585672e-02 7.07537216733555852e-03 5.10076668162184887e-03 3.73122076126719548e-03 2.80734089976419909e-03 2.17857482185479512e-03 1.73320815004274209e-03 1.40734948497822643e-03 1.16242828666202058e-03 9.74163392868376832e-04 8.26616346301989324e-04 7.09046531937929103e-04 6.13991942771008326e-04
0
0
1 0
0 2 3 4 6 8 10 12 14 16 18 20 22 24 26 28 30 32 32 32 32 32 32 32 32 32 32 32 32 32 32 32 32 32
1 2 3 4 5 6 7 8 9 10 11 12 13 14 15 16 17 18 19 20 21 22 23 24 25 26 27 28 29 30 31 32
1 33 1 -6.78359764805542795e+01 -7.13030737294375569e+01 -6.71258203424267350e+01 -6.86205771856899389e+01 -6.74086337622471774e+01 -6.93951777592973968e+01 -6.81562735282130632e+01 -6.75968812027535790e+01 -6.72548631683911253e+01 -7.00646511287872471e+01 -6.89487420002702152e+01 -6.83645210414024262e+01 -6.79831414692703930e+01 -6.77086415808758488e+01 -6.74976346386315385e+01 -6.73281555533681484e+01 -6.71877005620431476e+01 -7.05671960155377747e+01 -6.96906179276861195e+01 -6.91528071632139074e+01 -6.87734806382315185e+01 -6.84854737413788541e+01 -6.82552965181261158e+01 -6.80659762779804538e+01 -6.79067516340125650e+01 -6.77701304558932094e+01 -6.76510281836646925e+01 -6.75458505712075805e+01 -6.74519717721526746e+01 -6.73674204944147874e+01 -6.72906827445333278e+01 -6.72205728186852127e+01 -6.71561464602921774e+01
custom
2.00000000000000011e-01 3.00000000000000000e+00
TASMANIAN SG end
