1.0000000000000000 68.8036184573117282 68.5339505586083106
2.0000000000000000 55.0382333187942692 54.8226620184455982
3.0000000000000000 44.0268344347735621 43.8545273457456517
4.0000000000000000 35.2184473708843484 35.0807377975811221
5.0000000000000000 28.1723270808326731 28.0622816139359195
6.0000000000000000 22.5359053136213561 22.4479776668105622
7.0000000000000000 18.0271498477909802 17.9569037478691449
8.0000000000000000 14.4204529300756690 14.3643402984595863
9.0000000000000000 11.5353428736582941 11.4905262777162207
10.0000000000000000 9.2274540189538925 9.1916645674241124
