TASMANIAN SG 4.0
WARNING: do not edit this manually
localpolynomial
1 1 1 3
localp
1 1 9 0 1 2 3 4 5 6 7 8
1  -3.05428934564552662e+02 -4.03588005786275517e-01 9.93611049328251283e-02 9.74203063908021250e-02 9.79411986867262385e-03 5.50788982641279290e-02 8.67127673717504877e-03 3.38943176870998286e-03 1.70605559918612926e-03
0
0
1 0
0 2 3 4 6 8 8 8 8 8
1 2 3 4 5 6 7 8
1 9 1 -3.05428934564552662e+02 -3.05832522570338938e+02 -3.05329573459619837e+02 -3.05533308261054970e+02 -3.05369459892217606e+02 -3.05627836517432854e+02 -3.05472450136066641e+02 -3.05395807796616452e+02 -3.05347810620319478e+02
custom
2.00000000000000011e-01 3.00000000000000000e+00
TASMANIAN SG end
