TASMANIAN SG 4.0
WARNING: do not edit this manually
localpolynomial
1 1 1 3
localp
1 1 9 0 1 2 3 4 5 6 7 8
1  -2.29880403721845084e+02 -1.33672557224488742e+00 2.97190295818381855e-01 3.46321046704247237e-01 2.99255730926688557e-02 2.01607529175646505e-01 2.84257409095687308e-02 1.04707142432971523e-02 5.14987347634132675e-03
0
0
1 0
0 2 3 4 6 8 8 8 8 8
1 2 3 4 5 6 7 8
1 9 1 -2.29880403721845084e+02 -2.31217129294089972e+02 -2.29583213426026703e+02 -2.30202445461263295e+02 -2.29701883000843225e+02 -2.30508179848500987e+02 -2.30012998850644607e+02 -2.29780672647100857e+02 -2.29637398339958622e+02
custom
2.00000000000000011e-01 3.00000000000000000e+00
TASMANIAN SG end
