TASMANIAN SG 4.0
WARNING: do not edit this manually
localpolynomial
1 1 1 3
localp
1 1 9 0 1 2 3 4 5 6 7 8
1  -3.12790645472221570e+02 -3.17547208767109623e-01 7.97632884678591836e-02 7.55577634693622713e-02 7.82138894186346079e-03 4.24894330581082613e-02 6.82342186769346881e-03 2.69973751034058296e-03 1.36644172710020939e-03
0
0
1 0
0 2 3 4 6 8 8 8 8 8
1 2 3 4 5 6 7 8
1 9 1 -3.12790645472221570e+02 -3.13108192680988680e+02 -3.12710882183753711e+02 -3.12873861313135762e+02 -3.12742942439045748e+02 -3.12948537564004141e+02 -3.12825429970811001e+02 -3.12764094218123319e+02 -3.12725545869672601e+02
custom
2.00000000000000011e-01 3.00000000000000000e+00
TASMANIAN SG end
