TASMANIAN SG 4.0
WARNING: do not edit this manually
localpolynomial
1 1 1 3
localp
1 1 9 0 1 2 3 4 5 6 7 8
1  -3.36054600870215779e+02 -5.91339362458143114e-02 1.70258697898475475e-02 1.27057156266232596e-02 1.59399805551174722e-03 6.90797158370060060e-03 1.25298221024650047e-03 5.38954554997417290e-04 2.85318906435350073e-04
0
0
1 0
0 2 3 4 6 8 8 8 8 8
1 2 3 4 5 6 7 8
1 9 1 -3.36054600870215779e+02 -3.36113734806461594e+02 -3.36037575000425932e+02 -3.36071462122712092e+02 -3.36044493937265315e+02 -3.36085690493003085e+02 -3.36061778514253660e+02 -3.36049008449185521e+02 -3.36040749149939188e+02
custom
2.00000000000000011e-01 3.00000000000000000e+00
TASMANIAN SG end
