TASMANIAN SG 4.0
WARNING: do not edit this manually
localpolynomial
1 1 1 3
localp
1 1 9 0 1 2 3 4 5 6 7 8
1  -2.01780675230609546e+02 -1.69807842167412559e+00 3.69809049182009630e-01 4.46093685303736720e-01 3.73644955544421009e-02 2.61343103046669967e-01 3.59571952432986564e-02 1.30964228400785032e-02 6.41800196248709653e-03
0
0
1 0
0 2 3 4 6 8 8 8 8 8
1 2 3 4 5 6 7 8
1 9 1 -2.01780675230609546e+02 -2.03478753652283672e+02 -2.01410866181427537e+02 -2.02183620756142858e+02 -2.01558406210464085e+02 -2.02569844101166609e+02 -2.01946190798132903e+02 -2.01656444297696765e+02 -2.01478218193983309e+02
custom
2.00000000000000011e-01 3.00000000000000000e+00
TASMANIAN SG end
