TASMANIAN SG 4.0
WARNING: do not edit this manually
localpolynomial
1 1 1 3
localp
1 1 9 0 1 2 3 4 5 6 7 8
1  -3.32583186357693990e+02 -9.56295045151591694e-02 2.65015439246099049e-02 2.11595510641586770e-02 2.51857940980926287e-03 1.16080506417119977e-02 2.03930465079338319e-03 8.56921601666726929e-04 4.47462510237528477e-04
0
0
1 0
0 2 3 4 6 8 8 8 8 8
1 2 3 4 5 6 7 8
1 9 1 -3.32583186357693990e+02 -3.32678815862209149e+02 -3.32556684813769380e+02 -3.32609841558887410e+02 -3.32567417006321875e+02 -3.32632720659906511e+02 -3.32594474653639963e+02 -3.32574444760406266e+02 -3.32561603447535390e+02
custom
2.00000000000000011e-01 3.00000000000000000e+00
TASMANIAN SG end
