TASMANIAN SG 4.0
WARNING: do not edit this manually
localpolynomial
1 1 1 3
localp
1 1 9 0 1 2 3 4 5 6 7 8
1  -2.70338138482632303e+02 -8.28147690407035952e-01 1.91840609863561440e-01 2.08621740318505999e-01 1.91708625075079908e-02 1.19977042312825688e-01 1.77202004315404338e-02 6.68113987251217623e-03 3.31335864598258922e-03
0
0
1 0
0 2 3 4 6 8 8 8 8 8
1 2 3 4 5 6 7 8
1 9 1 -2.70338138482632303e+02 -2.71166286173039339e+02 -2.70146297872768741e+02 -2.70543590587517315e+02 -2.70223047315193014e+02 -2.70734961337965501e+02 -2.70423144334643325e+02 -2.70273911759040118e+02 -2.70181359235334924e+02
custom
2.00000000000000011e-01 3.00000000000000000e+00
TASMANIAN SG end
