TASMANIAN SG 4.0
WARNING: do not edit this manually
localpolynomial
1 1 1 3
localp
1 1 9 0 1 2 3 4 5 6 7 8
1  -6.78391876511868617e+01 -3.47941570195230554e+00 7.11931450007242006e-01 9.52337874854364941e-01 7.25631832312529923e-02 5.69277380992005533e-01 7.23810342816761931e-02 2.55405135644224401e-02 1.24076752848907290e-02
0
0
1 0
0 2 3 4 6 8 8 8 8 8
1 2 3 4 5 6 7 8
1 9 1 -6.78391876511868617e+01 -7.13186033531391672e+01 -6.71272562011796197e+01 -6.86265576273086566e+01 -6.74106587429519948e+01 -6.94033031092319135e+01 -6.81604916049660687e+01 -6.75993826835049987e+01 -6.72565497967809023e+01
custom
2.00000000000000011e-01 3.00000000000000000e+00
TASMANIAN SG end
