TASMANIAN SG 4.0
WARNING: do not edit this manually
localpolynomial
1 1 1 3
localp
1 1 9 0 1 2 3 4 5 6 7 8
1  -2.96225861457535075e+02 -5.12898215258360324e-01 1.23748819014110722e-01 1.25589784710257391e-01 1.22578252706944113e-02 7.13985758666240145e-02 1.10119148831699931e-02 4.25252855768576410e-03 2.12927708508914293e-03
0
0
1 0
0 2 3 4 6 8 8 8 8 8
1 2 3 4 5 6 7 8
1 9 1 -2.96225861457535075e+02 -2.96738759672793435e+02 -2.96102112638520964e+02 -2.96356720780453998e+02 -2.96151729222757297e+02 -2.96476341650757092e+02 -2.96280279204111366e+02 -2.96184542811588528e+02 -2.96124791653554041e+02
custom
2.00000000000000011e-01 3.00000000000000000e+00
TASMANIAN SG end
