TASMANIAN SG 4.0
WARNING: do not edit this manually
localpolynomial
1 1 1 3
localp
1 1 9 0 1 2 3 4 5 6 7 8
1  -3.37287575929666446e+02 -4.76052989192794485e-02 1.25304467028399813e-02 9.28846095973767660e-03 7.11514345255181979e-04 5.32900500553523671e-03 4.25971130482594162e-04 -1.28422281136408856e-04 2.27649667635887454e-04
0
0
1 0
0 2 3 4 6 8 8 8 8 8
1 2 3 4 5 6 7 8
1 9 1 -3.37287575929666446e+02 -3.37335181228585725e+02 -3.37275045482963606e+02 -3.37302090118166348e+02 -3.37280599191969770e+02 -3.37313306668370501e+02 -3.37294407052785914e+02 -3.37284215983099216e+02 -3.37277594687799080e+02
custom
2.00000000000000011e-01 3.00000000000000000e+00
TASMANIAN SG end
