TASMANIAN SG 4.0
WARNING: do not edit this manually
localpolynomial
1 1 1 3
localp
1 1 9 0 1 2 3 4 5 6 7 8
1  -1.66652498253811274e+02 -2.15694811188498647e+00 4.60104497248011057e-01 5.74507048580045421e-01 4.66339357756453410e-02 3.38778108507142406e-01 4.54437177041029372e-02 1.63712504792385971e-02 7.99669730258756317e-03
0
0
1 0
0 2 3 4 6 8 8 8 8 8
1 2 3 4 5 6 7 8
1 9 1 -1.66652498253811274e+02 -1.68809446365696260e+02 -1.66192393756563263e+02 -1.67156465261173736e+02 -1.66375812069411609e+02 -1.67644177704927841e+02 -1.66859038039788373e+02 -1.66497783911132188e+02 -1.66276106215684848e+02
custom
2.00000000000000011e-01 3.00000000000000000e+00
TASMANIAN SG end
