TASMANIAN SG 4.0
WARNING: do not edit this manually
localpolynomial
1 1 1 3
localp
1 1 9 0 1 2 3 4 5 6 7 8
1  -3.27157998034707475e+02 -1.54594077562137500e-01 4.12089565571136518e-02 3.52202725728716359e-02 3.96982707297866000e-03 1.95059891703976973e-02 3.31184772448978038e-03 1.35884011888265377e-03 7.00318289716506115e-04
0
0
1 0
0 2 3 4 6 8 8 8 8 8
1 2 3 4 5 6 7 8
1 9 1 -3.27157998034707475e+02 -3.27312592112269613e+02 -3.27116789078150362e+02 -3.27200074800915672e+02 -3.27133423729355911e+02 -3.27236827467422245e+02 -3.27175724570087084e+02 -3.27144352041912839e+02 -3.27124406085463420e+02
custom
2.00000000000000011e-01 3.00000000000000000e+00
TASMANIAN SG end
