TASMANIAN SG 4.0
WARNING: do not edit this manually
localpolynomial
1 1 1 3
localp
1 1 9 0 1 2 3 4 5 6 7 8
1  -3.18679415495991122e+02 -2.49827911755744481e-01 6.40172492652482106e-02 5.85928976798300027e-02 6.24254572130666929e-03 3.27775601867870137e-02 5.36577338499455436e-03 2.14895829964234508e-03 1.09399316335156982e-03
0
0
1 0
0 2 3 4 6 8 8 8 8 8
1 2 3 4 5 6 7 8
1 9 1 -3.18679415495991122e+02 -3.18929243407746867e+02 -3.18615398246725874e+02 -3.18745736554189193e+02 -3.18641164325637192e+02 -3.18804712420781186e+02 -3.18707210251705192e+02 -3.18658140952514543e+02 -3.18627187293018153e+02
custom
2.00000000000000011e-01 3.00000000000000000e+00
TASMANIAN SG end
