TASMANIAN SG 4.0
WARNING: do not edit this manually
localpolynomial
1 1 1 3
localp
1 1 9 0 1 2 3 4 5 6 7 8
1  -1.22737896294072129e+02 -2.73961117578787139e+00 5.72368100682766112e-01 7.39749139503956599e-01 5.81813221785125734e-02 4.39156822265829305e-01 5.73798366624487244e-02 2.04536920577425008e-02 9.96181393789186131e-03
0
0
1 0
0 2 3 4 6 8 8 8 8 8
1 2 3 4 5 6 7 8
1 9 1 -1.22737896294072129e+02 -1.25477507469860001e+02 -1.22165528193389363e+02 -1.23367952742462109e+02 -1.22393530921552241e+02 -1.23983573283895225e+02 -1.22995544681604684e+02 -1.22545259915754443e+02 -1.22269567743532903e+02
custom
2.00000000000000011e-01 3.00000000000000000e+00
TASMANIAN SG end
