TASMANIAN SG 4.0
WARNING: do not edit this manually
localpolynomial
1 1 1 3
localp
1 1 9 0 1 2 3 4 5 6 7 8
1  -3.30172127856684142e+02 -1.21593842422896614e-01 3.30510297092700966e-02 2.73009653311646616e-02 3.16296054302256380e-03 1.50474754273091094e-02 2.59955803556977116e-03 1.07944516395264145e-03 5.59929090286459541e-04
0
0
1 0
0 2 3 4 6 8 8 8 8 8
1 2 3 4 5 6 7 8
1 9 1 -3.30172127856684142e+02 -3.30293721699107039e+02 -3.30139076826974872e+02 -3.30205623812564454e+02 -3.30152439381286513e+02 -3.30234625280408409e+02 -3.30186276276588728e+02 -3.30161204173821375e+02 -3.30145198175040377e+02
custom
2.00000000000000011e-01 3.00000000000000000e+00
TASMANIAN SG end
