TASMANIAN SG 4.0
WARNING: do not edit this manually
localpolynomial
1 1 1 3
localp
1 1 9 0 1 2 3 4 5 6 7 8
1  -3.34511837035650728e+02 -7.52027420732019891e-02 2.12445214549461525e-02 1.63975756478862422e-02 2.00426135870657163e-03 8.95478017150708183e-03 1.59892307624431851e-03 6.79815419971419033e-04 3.57403054863425496e-04
0
0
1 0
0 2 3 4 6 8 8 8 8 8
1 2 3 4 5 6 7 8
1 9 1 -3.34511837035650728e+02 -3.34587039777723930e+02 -3.34490592514195782e+02 -3.34533040831039443e+02 -3.34499210513564549e+02 -3.34551085524210180e+02 -3.34520840010268842e+02 -3.34504843959187667e+02 -3.34494544110825302e+02
custom
2.00000000000000011e-01 3.00000000000000000e+00
TASMANIAN SG end
