TASMANIAN SG 4.0
WARNING: do not edit this manually
localpolynomial
1 1 1 3
localp
1 1 9 0 1 2 3 4 5 6 7 8
1  -3.38275043058418760e+02 -3.73658191909953530e-02 1.01140383628717245e-02 7.21950555572448138e-03 6.00110353275340458e-04 4.11094510991460993e-03 3.62046107852620480e-04 3.02169246992889384e-05 1.81535662818532728e-04
0
0
1 0
0 2 3 4 6 8 8 8 8 8
1 2 3 4 5 6 7 8
1 9 1 -3.38275043058418760e+02 -3.38312408877609755e+02 -3.38264929020055888e+02 -3.38286506462458533e+02 -3.38269385928884049e+02 -3.38295346724924173e+02 -3.38280412714330794e+02 -3.38272184276726705e+02 -3.38266975938807150e+02
custom
2.00000000000000011e-01 3.00000000000000000e+00
TASMANIAN SG end
