TASMANIAN SG 4.0
WARNING: do not edit this manually
localpolynomial
1 1 1 3
localp
1 1 9 0 1 2 3 4 5 6 7 8
1  -3.23389952218192661e+02 -1.96533188786759183e-01 5.13682104707413600e-02 4.54306483209165890e-02 4.97958038124579616e-03 2.52855441938208969e-02 4.21681696991527133e-03 1.70940127543417475e-03 8.75493258035930921e-04
0
0
1 0
0 2 3 4 6 8 8 8 8 8
1 2 3 4 5 6 7 8
1 9 1 -3.23389952218192661e+02 -3.23586485406979421e+02 -3.23338584007721920e+02 -3.23442788164265153e+02 -3.23359288532576045e+02 -3.23489351241428437e+02 -3.23412153374258992e+02 -3.23372910974108891e+02 -3.23348060776890975e+02
custom
2.00000000000000011e-01 3.00000000000000000e+00
TASMANIAN SG end
