TASMANIAN SG 4.0
WARNING: do not edit this manually
localpolynomial
1 1 1 3
localp
1 1 9 0 1 2 3 4 5 6 7 8
1  -2.52357929112568570e+02 -1.05218594874486371e+00 2.38794145816200398e-01 2.68816547929361604e-01 2.39574376883524565e-02 1.55525802126220469e-01 2.24526539633131961e-02 8.36651864395321354e-03 4.13133084472860901e-03
0
0
1 0
0 2 3 4 6 8 8 8 8 8
1 2 3 4 5 6 7 8
1 9 1 -2.52357929112568570e+02 -2.53410115061313434e+02 -2.52119134966752370e+02 -2.52615205539011640e+02 -2.52214574601972117e+02 -2.52857134498036316e+02 -2.52464114671826792e+02 -2.52277885338626390e+02 -2.52162723453517515e+02
custom
2.00000000000000011e-01 3.00000000000000000e+00
TASMANIAN SG end
