TASMANIAN SG 4.0
WARNING: do not edit this manually
localpolynomial
1 1 1 3
localp
1 1 9 0 1 2 3 4 5 6 7 8
1  -2.84720853655416533e+02 -6.51759755402281371e-01 1.54092345053413737e-01 1.61879428196471054e-01 1.53333091950571543e-02 9.25537141264385355e-02 1.39742686679369399e-02 5.33195829137866895e-03 2.65656172052786133e-03
0
0
1 0
0 2 3 4 6 8 8 8 8 8
1 2 3 4 5 6 7 8
1 9 1 -2.84720853655416533e+02 -2.85372613410818815e+02 -2.84566761310363120e+02 -2.84884854104921203e+02 -2.84628474173694769e+02 -2.85036180043743570e+02 -2.84788879611500931e+02 -2.84669331956264273e+02 -2.84594961180308417e+02
custom
2.00000000000000011e-01 3.00000000000000000e+00
TASMANIAN SG end
