0.2437500000000001 -305.7772985768764329
0.3312500000000003 -305.7171839751518974
0.4187500000000002 -305.6712431026230092
0.5062500000000001 -305.6342161319252000
0.5937500000000002 -305.6035371541435666
0.6812500000000001 -305.5773142710887100
0.7687500000000002 -305.5544954498523680
0.8562500000000002 -305.5343728558351586
0.9437500000000001 -305.5164355134779726
1.0312500000000000 -305.5003004456570466
1.1187500000000001 -305.4856682709484517
1.2062500000000000 -305.4722973035552513
1.2937500000000002 -305.4600028533293425
1.3812500000000001 -305.4486512059592087
1.4687500000000000 -305.4381379855128671
1.5562500000000001 -305.4283683713940150
1.6437500000000000 -305.4192562781117886
1.7312500000000002 -305.4107280452479358
1.8187500000000001 -305.4027212076615001
1.9062500000000000 -305.3951824038231280
1.9937500000000001 -305.3880657941246000
2.0812499999999998 -305.3813320127984525
2.1687500000000002 -305.3749484376633063
2.2562500000000001 -305.3688903374190318
2.3437500000000000 -305.3631269448876537
2.4312499999999999 -305.3576306879564299
2.5187499999999998 -305.3523829118470303
2.6062500000000002 -305.3473676759334126
2.6937500000000001 -305.3425637842890410
2.7812500000000000 -305.3379531185265705
