1.0000000000000000 68.8021851640835109 68.5384709442497524
2.0000000000000000 55.0373356601964758 54.8270378562983538
3.0000000000000000 44.0263221960518365 43.8586291141195588
4.0000000000000000 35.2181721206644340 35.0845042917627836
5.0000000000000000 28.1722425659473288 28.0656799586459016
6.0000000000000000 22.5359564020919549 22.4510053263905291
7.0000000000000000 18.0272911801185955 17.9595711158324391
8.0000000000000000 14.4206502275801540 14.3666706055676450
9.0000000000000000 11.5355707258868847 11.4925465903705959
10.0000000000000000 9.2276944872539843 9.1934055215166879
