 0.2437500000000001
 0.3312500000000003
 0.4187500000000002
 0.5062500000000001
 0.5937500000000002
 0.6812500000000001
 0.7687500000000002
 0.8562500000000002
 0.9437500000000001
 1.0312500000000000
 1.1187500000000001
 1.2062500000000000
 1.2937500000000002
 1.3812500000000001
 1.4687500000000000
 1.5562500000000001
 1.6437500000000000
 1.7312500000000002
 1.8187500000000001
 1.9062500000000000
 1.9937500000000001
 2.0812499999999998
 2.1687500000000002
 2.2562500000000001
 2.3437500000000000
 2.4312499999999999
 2.5187499999999998
 2.6062500000000002
 2.6937500000000001
 2.7812500000000000
