TASMANIAN SG 4.0
WARNING: do not edit this manually
localpolynomial
1 1 1 6
localp
1 1 63 0 1 2 3 4 5 6 7 8 9 10 11 12 13 14 15 16 17 18 19 20 21 22 23 24 25 26 27 28 29 30 31 32 33 34 35 36 37 38 39 40 41 42 43 44 45 46 47 48 49 50 51 52 53 54 55 56 57 58 59 60 61 62
1  -2.84714441993407888e+02 -6.34997365390006507e-01 1.50505239903282018e-01 1.57421677091463152e-01 1.49766782176925517e-02 8.82240583006250745e-02 1.36043343542837647e-02 5.17102154748272369e-03 2.57070172284556975e-03 4.33198377682515456e-02 1.01702169089890049e-02 4.48914760494290022e-03 2.54591584462104947e-03 1.57083330122986808e-03 1.05913848335603689e-03 7.42445707828665036e-04 5.69895627791083825e-04 1.60742725462910130e-02 5.93989317610521539e-03 3.18622753479758103e-03 1.99229475578022175e-03 1.33618793921641554e-03 9.35903131733084592e-04 7.20479922506456205e-04 5.57028662171887845e-04 4.37483226846779871e-04 3.51220054199075093e-04 2.86095542037401174e-04 2.46728300680842949e-04 2.05687352718086913e-04 1.69150959038688598e-04 1.46188516282563796e-04 1.25077934058026585e-04 3.14839850278758604e-03 5.48994217410836427e-04 6.62220145386527292e-09 7.23295352543118497e-04 8.20696330436021526e-04 6.90927450477829552e-04 5.54255606857623206e-04 4.46856120220218145e-04 3.66344273970753420e-04 3.03178117519564694e-04 2.52864143476472236e-04 2.16763367575367738e-04 1.91198185575558455e-04 1.69106502880822518e-04 1.48320069968121970e-04 1.30605834385733033e-04 1.15750661279889755e-04 1.03244713443473302e-04 9.26124609463840898e-05 8.31167203045879432e-05 7.32915910361953138e-05 6.02943603098538006e-05 4.26286369474837556e-05 2.47467614826746285e-05 2.28072216827968077e-05 3.44778798080369597e-05 4.14982646361750085e-05 4.04588693072582828e-05 3.79609778633493988e-05 3.53035288185310492e-05
0
0
1 0
0 2 3 4 6 8 10 12 14 16 18 20 22 24 26 28 30 32 34 36 38 40 42 44 46 48 50 52 54 56 58 60 62 62 62 62 62 62 62 62 62 62 62 62 62 62 62 62 62 62 62 62 62 62 62 62 62 62 62 62 62 62 62 62
1 2 3 4 5 6 7 8 9 10 11 12 13 14 15 16 17 18 19 20 21 22 23 24 25 26 27 28 29 30 31 32 33 34 35 36 37 38 39 40 41 42 43 44 45 46 47 48 49 50 51 52 53 54 55 56 57 58 59 60 61 62
1 63 1 -2.84714441993407888e+02 -2.85349439358797895e+02 -2.84563936753504606e+02 -2.84874518999011457e+02 -2.84624212695238555e+02 -2.85023755120604051e+02 -2.84780876161855360e+02 -2.84664156322775739e+02 -2.84591504022648792e+02 -2.85143277401932721e+02 -2.84938966842898708e+02 -2.84823208432828494e+02 -2.84745113161787003e+02 -2.84687728324790555e+02 -2.84643125370523762e+02 -2.84607115913235816e+02 -2.84577150492448936e+02 -2.85230284107819045e+02 -2.85077576368092252e+02 -2.84978174754216525e+02 -2.84904750626199302e+02 -2.84847527527980674e+02 -2.84801106394210194e+02 -2.84762274181898704e+02 -2.84729220548935245e+02 -2.84700647675872347e+02 -2.84675591103728948e+02 -2.84653354751107770e+02 -2.84633422304580506e+02 -2.84615458616884496e+02 -2.84599140816983208e+02 -2.84584181069032525e+02 -2.84570418545042685e+02 -2.85286713334805654e+02 -2.85186231760658472e+02 -2.85110426878390285e+02 -2.85049942448995637e+02 -2.85000144241079852e+02 -2.84957879871107195e+02 -2.84921304478942147e+02 -2.84889187956485159e+02 -2.84860656919222151e+02 -2.84835064802287093e+02 -2.84811904549375868e+02 -2.84790774514665145e+02 -2.84771383973691457e+02 -2.84753524565340001e+02 -2.84737018535291156e+02 -2.84721700665337266e+02 -2.84707429083978866e+02 -2.84694084755618064e+02 -2.84681567101798862e+02 -2.84669790596532039e+02 -2.84658682245350690e+02 -2.84648179766455485e+02 -2.84638231208915158e+02 -2.84628792753148048e+02 -2.84619812848839842e+02 -2.84611252787180320e+02 -2.84603086866844933e+02 -2.84595281960946693e+02 -2.84587804584862795e+02 -2.84580630477211912e+02
custom
2.00000000000000011e-01 3.00000000000000000e+00
TASMANIAN SG end
