TASMANIAN SG 4.0
WARNING: do not edit this manually
localpolynomial
1 1 1 6
localp
1 1 63 0 1 2 3 4 5 6 7 8 9 10 11 12 13 14 15 16 17 18 19 20 21 22 23 24 25 26 27 28 29 30 31 32 33 34 35 36 37 38 39 40 41 42 43 44 45 46 47 48 49 50 51 52 53 54 55 56 57 58 59 60 61 62
1  -3.05423735030516241e+02 -3.91011085721743257e-01 9.65189043747614051e-02 9.40832043245904970e-02 9.51605691631129957e-03 5.17814233043054628e-02 8.42133356275098777e-03 3.27329961345412812e-03 1.64716069724590852e-03 2.52288597317829044e-02 6.13395738497501952e-03 2.77822530563298642e-03 1.58410014989840420e-03 9.91530298961151857e-04 6.70925705549052509e-04 4.78371903227525763e-04 3.62563798717019381e-04 9.05868238584162100e-03 3.44297749740007930e-03 1.90875078095587014e-03 1.21087383996609788e-03 8.22223087936890806e-04 5.80845488968861901e-04 4.44277740768939111e-04 3.49551449801310810e-04 2.75683290794859204e-04 2.22136700642749929e-04 1.81846677605790319e-04 1.55123319018457551e-04 1.31720000240420632e-04 1.08700898977076577e-04 9.29984383901683032e-05 7.96264622522357968e-05 2.03900862362615953e-03 3.95231257925843238e-04 7.00669033903977834e-09 4.97458346330859058e-04 5.18681674634535739e-04 4.21348464897164376e-04 3.35870599599275010e-04 2.72205737189779029e-04 2.24624850375221286e-04 1.87454310605517094e-04 1.57192111032600224e-04 1.34146449397576362e-04 1.17619521176948183e-04 1.04757890085238614e-04 9.28825556343326753e-05 8.20878229887966882e-05 7.28964137124421541e-05 6.51005867098319868e-05 5.84479268468385271e-05 5.27533734384633135e-05 4.77205938409497321e-05 4.24253325945755932e-05 3.57484124151596916e-05 2.56977749018005852e-05 1.97662573668822006e-05 2.21226537746588292e-05 2.66937306037107192e-05 2.64010126329594641e-05 2.41715046058743610e-05 2.24211331669721403e-05
0
0
1 0
0 2 3 4 6 8 10 12 14 16 18 20 22 24 26 28 30 32 34 36 38 40 42 44 46 48 50 52 54 56 58 60 62 62 62 62 62 62 62 62 62 62 62 62 62 62 62 62 62 62 62 62 62 62 62 62 62 62 62 62 62 62 62 62
1 2 3 4 5 6 7 8 9 10 11 12 13 14 15 16 17 18 19 20 21 22 23 24 25 26 27 28 29 30 31 32 33 34 35 36 37 38 39 40 41 42 43 44 45 46 47 48 49 50 51 52 53 54 55 56 57 58 59 60 61 62
1 63 1 -3.05423735030516241e+02 -3.05814746116237984e+02 -3.05327216126141479e+02 -3.05525157369052522e+02 -3.05365959521412549e+02 -3.05618170319340948e+02 -3.05466024866221687e+02 -3.05391573976350912e+02 -3.05344940663079740e+02 -3.05691229358057683e+02 -3.05565529886811760e+02 -3.05492812892331415e+02 -3.05443295848219066e+02 -3.05406662973134644e+02 -3.05378095823176182e+02 -3.05354971720342860e+02 -3.05335715830811921e+02 -3.05743929054761963e+02 -3.05651256861201887e+02 -3.05589941352295398e+02 -3.05544132754092175e+02 -3.05508162907604060e+02 -3.05478838033787611e+02 -3.05454216079479579e+02 -3.05433165887917767e+02 -3.05414923318534647e+02 -3.05398896338042164e+02 -3.05384653053085970e+02 -3.05371872548975318e+02 -3.05360333900877492e+02 -3.05349847490812351e+02 -3.05340235248507497e+02 -3.05331386352014420e+02 -3.05777298576876433e+02 -3.05717183975151897e+02 -3.05671243102623009e+02 -3.05634216131925200e+02 -3.05603537154143567e+02 -3.05577314271088710e+02 -3.05554495449852368e+02 -3.05534372855835159e+02 -3.05516435513477973e+02 -3.05500300445657047e+02 -3.05485668270948452e+02 -3.05472297303555251e+02 -3.05460002853329343e+02 -3.05448651205959209e+02 -3.05438137985512867e+02 -3.05428368371394015e+02 -3.05419256278111789e+02 -3.05410728045247936e+02 -3.05402721207661500e+02 -3.05395182403823128e+02 -3.05388065794124600e+02 -3.05381332012798453e+02 -3.05374948437663306e+02 -3.05368890337419032e+02 -3.05363126944887654e+02 -3.05357630687956430e+02 -3.05352382911847030e+02 -3.05347367675933413e+02 -3.05342563784289041e+02 -3.05337953118526571e+02
custom
2.00000000000000011e-01 3.00000000000000000e+00
TASMANIAN SG end
