TASMANIAN SG 4.0
WARNING: do not edit this manually
localpolynomial
1 1 1 6
localp
1 1 63 0 1 2 3 4 5 6 7 8 9 10 11 12 13 14 15 16 17 18 19 20 21 22 23 24 25 26 27 28 29 30 31 32 33 34 35 36 37 38 39 40 41 42 43 44 45 46 47 48 49 50 51 52 53 54 55 56 57 58 59 60 61 62
1  -2.29872789299721916e+02 -1.31438080633128607e+00 2.92787524424085177e-01 3.40314343575499834e-01 2.94023465089878755e-02 1.96038466591318183e-01 2.78814775921318869e-02 1.02800511617431312e-02 5.07906342693331680e-03 9.73043483162143730e-02 2.16341541074314136e-02 9.19862789606895603e-03 5.14205641073317565e-03 3.13074203452856636e-03 2.08349939430263476e-03 1.46660260216435745e-03 1.12017275540665651e-03 3.78199794257341182e-02 1.34030433544864991e-02 6.86354097402386287e-03 4.18280114934077574e-03 2.75128058163431888e-03 1.92404958639258439e-03 1.47119899952485866e-03 1.11688713852231558e-03 8.73027399080683608e-04 6.99331403893665993e-04 5.71819388511585203e-04 4.70194992146844015e-04 4.00539099302932300e-04 3.36162925066219032e-04 2.88335966956765333e-04 2.44465959781337006e-04 5.28660424294002951e-03 7.85376464364162530e-04 5.50332401871855836e-09 1.10814083299715094e-03 1.44908685203404275e-03 1.33971799425580684e-03 1.13130622281687465e-03 9.29698311267657118e-04 7.62160901018660297e-04 6.19875934887659241e-04 5.16667652590285797e-04 4.48451339167377228e-04 3.94803461290393898e-04 3.42072845654683988e-04 2.97821545160559253e-04 2.61015775151918206e-04 2.30789542911224999e-04 2.07174265398180069e-04 1.90880316495167790e-04 1.83146645952092513e-04 1.85614431813974079e-04 2.00220974420517450e-04 2.24337741144609026e-04 2.15670409261292662e-04 1.67828363771604927e-04 1.22918970305363473e-04 9.82548539241179242e-05 8.39247944099952292e-05 7.51755118528762978e-05 6.92287341337305406e-05
0
0
1 0
0 2 3 4 6 8 10 12 14 16 18 20 22 24 26 28 30 32 34 36 38 40 42 44 46 48 50 52 54 56 58 60 62 62 62 62 62 62 62 62 62 62 62 62 62 62 62 62 62 62 62 62 62 62 62 62 62 62 62 62 62 62 62 62
1 2 3 4 5 6 7 8 9 10 11 12 13 14 15 16 17 18 19 20 21 22 23 24 25 26 27 28 29 30 31 32 33 34 35 36 37 38 39 40 41 42 43 44 45 46 47 48 49 50 51 52 53 54 55 56 57 58 59 60 61 62
1 63 1 -2.29872789299721916e+02 -2.31187170106053202e+02 -2.29580001775297831e+02 -2.30189665359312045e+02 -2.29696993191000900e+02 -2.30492379266091319e+02 -2.30003345851924848e+02 -2.29774611194199650e+02 -2.29633418419722432e+02 -2.30742470337756060e+02 -2.30319388158594279e+02 -2.30087306977722392e+02 -2.29932925519412635e+02 -2.29820569504926283e+02 -2.29733718693205958e+02 -2.29663739202759473e+02 -2.29605589924754725e+02 -2.30927000242478869e+02 -2.30604021758569161e+02 -2.30399020171368790e+02 -2.30250343957803807e+02 -2.30135734887935598e+02 -2.30043402365237228e+02 -2.29966664486669231e+02 -2.29901740522428753e+02 -2.29845806374925019e+02 -2.29796891018159073e+02 -2.29753593124314307e+02 -2.29714885747111282e+02 -2.29679965657780883e+02 -2.29648242648315886e+02 -2.29619215836271621e+02 -2.29592551384066496e+02 -2.31051798570023095e+02 -2.30833949913653100e+02 -2.30673246042659287e+02 -2.30547092371497257e+02 -2.30444250631877992e+02 -2.30357864446987264e+02 -2.30283734751976226e+02 -2.30219074960246644e+02 -2.30161937962722845e+02 -2.30110901056894079e+02 -2.30064838003827219e+02 -2.30022925657241899e+02 -2.29984610365835749e+02 -2.29949452930195264e+02 -2.29917035199375562e+02 -2.29887003895300211e+02 -2.29859067047780542e+02 -2.29832980765660238e+02 -2.29808539381226183e+02 -2.29785567959533438e+02 -2.29763916544825179e+02 -2.29743455687785740e+02 -2.29724077882417475e+02 -2.29705723798646829e+02 -2.29688311596027091e+02 -2.29671729511299844e+02 -2.29655892670683727e+02 -2.29640746609224720e+02 -2.29626241952485145e+02 -2.29612333651779039e+02
custom
2.00000000000000011e-01 3.00000000000000000e+00
TASMANIAN SG end
