TASMANIAN SG 4.0
WARNING: do not edit this manually
localpolynomial
1 1 1 6
localp
1 1 63 0 1 2 3 4 5 6 7 8 9 10 11 12 13 14 15 16 17 18 19 20 21 22 23 24 25 26 27 28 29 30 31 32 33 34 35 36 37 38 39 40 41 42 43 44 45 46 47 48 49 50 51 52 53 54 55 56 57 58 59 60 61 62
1  -2.01773154779002482e+02 -1.67512322432756378e+00 3.65414510519485702e-01 4.39871751151656554e-01 3.69323975475310817e-02 2.55729287758214241e-01 3.53892767460877167e-02 1.28985638080507670e-02 6.30940937344348640e-03 1.27341632105412828e-01 2.78093715671161590e-02 1.16790298378361967e-02 6.48807652001437418e-03 3.92373305854221144e-03 2.65320515046596483e-03 1.80676205027907599e-03 1.39772553822581358e-03 5.02145118678356539e-02 1.75575109228987003e-02 8.86673582539287963e-03 5.34868290242229705e-03 3.49115994976045840e-03 2.45144112287221105e-03 1.85958582437706355e-03 1.40683832236732087e-03 1.09612166613715090e-03 8.74621098546413123e-04 7.11744520685897442e-04 6.19542483150326007e-04 4.87792382898533106e-04 4.17458459253339242e-04 3.60204743060421606e-04 3.03899350456049433e-04 5.88214973797107632e-03 8.28123628309640480e-04 4.89040985485189594e-09 1.19546565574069064e-03 1.64494343209753424e-03 1.58702211427907969e-03 1.38563291082505202e-03 1.16535075201795735e-03 9.67699043940228876e-04 7.86830669994742493e-04 6.58066476717067417e-04 5.73042198311668471e-04 4.99136278932610367e-04 4.31506602097897485e-04 3.76671291888897031e-04 3.30204142130696710e-04 2.88439559483322228e-04 2.48379225354256050e-04 2.07575275624094502e-04 1.64035395670225626e-04 1.16140500011852055e-04 6.25715410649263504e-05 1.67686814620537916e-05 1.43601551201300026e-05 4.99288422872723459e-05 7.71231880776213075e-05 8.97193856133071677e-05 9.32215129694213829e-05 9.14494990524872264e-05 8.69672709313817904e-05
0
0
1 0
0 2 3 4 6 8 10 12 14 16 18 20 22 24 26 28 30 32 34 36 38 40 42 44 46 48 50 52 54 56 58 60 62 62 62 62 62 62 62 62 62 62 62 62 62 62 62 62 62 62 62 62 62 62 62 62 62 62 62 62 62 62 62 62
1 2 3 4 5 6 7 8 9 10 11 12 13 14 15 16 17 18 19 20 21 22 23 24 25 26 27 28 29 30 31 32 33 34 35 36 37 38 39 40 41 42 43 44 45 46 47 48 49 50 51 52 53 54 55 56 57 58 59 60 61 62
1 63 1 -2.01773154779002482e+02 -2.03448278003330046e+02 -2.01407740268482996e+02 -2.02170844640014622e+02 -2.01553515126195208e+02 -2.02553832033914119e+02 -2.01936610432762450e+02 -2.01650436388790808e+02 -2.01474318287965673e+02 -2.02873713386516670e+02 -2.02334528965397283e+02 -2.02042048506550714e+02 -2.01848394529362452e+02 -2.01707871850838103e+02 -2.01599322552342528e+02 -2.01512109945030147e+02 -2.01439631552686109e+02 -2.03110781183055508e+02 -2.02696215199292482e+02 -2.02435313763830266e+02 -2.02247338119803516e+02 -2.02102955413332893e+02 -2.01986878028533681e+02 -2.01890642895238102e+02 -2.01809367815860099e+02 -2.01739417193254127e+02 -2.01678279498715852e+02 -2.01624167726045982e+02 -2.01575799296785704e+02 -2.01532324743229822e+02 -2.01492796658038685e+02 -2.01456614715582816e+02 -2.01423382011234111e+02 -2.03273647443454792e+02 -2.02991419161157808e+02 -2.02784964288014180e+02 -2.02623828150947588e+02 -2.02492927955440109e+02 -2.02383334342499438e+02 -2.02289547909689588e+02 -2.02207926029157051e+02 -2.02135932327629803e+02 -2.02071715129271809e+02 -2.02013805201065509e+02 -2.01961171188449782e+02 -2.01913127527721343e+02 -2.01869087205698179e+02 -2.01828504501319344e+02 -2.01790931093289174e+02 -2.01755997546568864e+02 -2.01723396142820746e+02 -2.01692868099501368e+02 -2.01664193908357674e+02 -2.01637185916918384e+02 -2.01611682567653190e+02 -2.01587544155882654e+02 -2.01564642851335350e+02 -2.01542870005870213e+02 -2.01522140220941878e+02 -2.01502363582148803e+02 -2.01483464251489181e+02 -2.01465375052275192e+02 -2.01448036166863517e+02
custom
2.00000000000000011e-01 3.00000000000000000e+00
TASMANIAN SG end
