TASMANIAN SG 4.0
WARNING: do not edit this manually
localpolynomial
1 1 1 6
localp
1 1 63 0 1 2 3 4 5 6 7 8 9 10 11 12 13 14 15 16 17 18 19 20 21 22 23 24 25 26 27 28 29 30 31 32 33 34 35 36 37 38 39 40 41 42 43 44 45 46 47 48 49 50 51 52 53 54 55 56 57 58 59 60 61 62
1  -2.96220049391229793e+02 -4.98281050587308982e-01 1.20534056901590247e-01 1.21707915636591224e-01 1.19168099684543449e-02 6.75925251405828931e-02 1.07046543727165044e-02 4.12623200656980771e-03 2.06895454192590478e-03 3.30616882900471865e-02 7.90054239831761151e-03 3.53234109070399427e-03 2.00944688361914814e-03 1.24828879313554353e-03 8.48452707259639283e-04 6.02529160232734284e-04 4.54523406801854435e-04 1.20697737654609227e-02 4.52345732088588193e-03 2.46654053637485049e-03 1.55367200818545825e-03 1.04849213721536216e-03 7.37170736272219074e-04 5.65966659451078158e-04 4.41411987480933021e-04 3.47328980979000335e-04 2.79472927672941296e-04 2.29884664349810919e-04 1.94052403514888283e-04 1.61399582054855273e-04 1.38087904076655832e-04 1.16561560787431517e-04 9.98193512486977852e-05 2.54913077634455476e-03 4.68699315376852610e-04 6.83934331391355954e-09 6.03560347485654347e-04 6.55786764582444448e-04 5.40995660912813037e-04 4.31792343022152636e-04 3.48801245081631350e-04 2.86903885978517792e-04 2.38514270222367486e-04 1.99390918396602501e-04 1.70446712161265168e-04 1.49927455538545473e-04 1.33227156766224653e-04 1.17440782673838839e-04 1.03558051080199220e-04 9.18820080642035464e-05 8.19970645125067676e-05 7.35234546027641045e-05 6.62632438093169185e-05 6.05262668500472500e-05 5.77706338731331925e-05 6.18037475987875951e-05 6.68099493168483605e-05 6.39989324895395839e-05 5.08127986336148751e-05 3.80871420588846377e-05 3.27391774703755800e-05 3.01065068128991697e-05 2.81138147784076864e-05
0
0
1 0
0 2 3 4 6 8 10 12 14 16 18 20 22 24 26 28 30 32 34 36 38 40 42 44 46 48 50 52 54 56 58 60 62 62 62 62 62 62 62 62 62 62 62 62 62 62 62 62 62 62 62 62 62 62 62 62 62 62 62 62 62 62 62 62
1 2 3 4 5 6 7 8 9 10 11 12 13 14 15 16 17 18 19 20 21 22 23 24 25 26 27 28 29 30 31 32 33 34 35 36 37 38 39 40 41 42 43 44 45 46 47 48 49 50 51 52 53 54 55 56 57 58 59 60 61 62
1 63 1 -2.96220049391229793e+02 -2.96718330441817102e+02 -2.96099515334328203e+02 -2.96347482000886885e+02 -2.96147865552810572e+02 -2.96465313696211410e+02 -2.96273061041685651e+02 -2.96179831240013641e+02 -2.96121621489027461e+02 -2.96558760380724209e+02 -2.96398497306150830e+02 -2.96306739180195507e+02 -2.96244545769574074e+02 -2.96198692026828553e+02 -2.96162999943704790e+02 -2.96134140991758727e+02 -2.96110113888271030e+02 -2.96626475637505223e+02 -2.96507513581146895e+02 -2.96429438960644688e+02 -2.96371435981510672e+02 -2.96326062098404009e+02 -2.96289162940204335e+02 -2.96258237438970411e+02 -2.96231856168414424e+02 -2.96209023380048166e+02 -2.96188982160493424e+02 -2.96171185707194809e+02 -2.96155238695854223e+02 -2.96140841872702595e+02 -2.96127743152489074e+02 -2.96115751127088458e+02 -2.96104714791948311e+02 -2.96669853908884761e+02 -2.96592149309799311e+02 -2.96533136974096180e+02 -2.96485810078331724e+02 -2.96446720541663524e+02 -2.96413427137736846e+02 -2.96384534851487672e+02 -2.96359110189953640e+02 -2.96336485145759468e+02 -2.96316162125029507e+02 -2.96297751669281581e+02 -2.96280941544232746e+02 -2.96265499312872407e+02 -2.96251258377115505e+02 -2.96238083528211632e+02 -2.96225849221771057e+02 -2.96214444503630943e+02 -2.96203775706373904e+02 -2.96193763570206329e+02 -2.96184340437009723e+02 -2.96175447947337375e+02 -2.96167035054815983e+02 -2.96159057516031908e+02 -2.96151485314383081e+02 -2.96144289713824094e+02 -2.96137440619432027e+02 -2.96130903984981842e+02 -2.96124649581580741e+02 -2.96118656201551119e+02 -2.96112904393864994e+02
custom
2.00000000000000011e-01 3.00000000000000000e+00
TASMANIAN SG end
