TASMANIAN SG 4.0
WARNING: do not edit this manually
localpolynomial
1 1 1 6
localp
1 1 63 0 1 2 3 4 5 6 7 8 9 10 11 12 13 14 15 16 17 18 19 20 21 22 23 24 25 26 27 28 29 30 31 32 33 34 35 36 37 38 39 40 41 42 43 44 45 46 47 48 49 50 51 52 53 54 55 56 57 58 59 60 61 62
1  -1.66645564316438026e+02 -2.13485611987135826e+00 4.56019825127668810e-01 5.68446273460239127e-01 4.61136541944426881e-02 3.33514586243836675e-01 4.48902434235378678e-02 1.61680626092675084e-02 7.95260535221586906e-03 1.66569770960677488e-01 3.57501944319835729e-02 1.48241312139134607e-02 8.18852795944735590e-03 4.94378966783415308e-03 3.26157895756296057e-03 2.29439264342090610e-03 1.74358602151869491e-03 6.65967643683984534e-02 2.29837345343071320e-02 1.14585222049186086e-02 6.83721543228443807e-03 4.42248411951595699e-03 3.12588088095822059e-03 2.34847880446409363e-03 1.77438041623645404e-03 1.38138879117377655e-03 1.10176835079300872e-03 8.96450262359849148e-04 7.38861812976665533e-04 6.22133659362589242e-04 5.27854855022269476e-04 4.52868070738077222e-04 3.73373563832046784e-04 6.13702869387111605e-03 8.18670253920572577e-04 4.09582412430609111e-09 1.20914053061937921e-03 1.75352102078818461e-03 1.77542122247587031e-03 1.61821872347900353e-03 1.41105192562918091e-03 1.20455849946665694e-03 9.93185176440647410e-04 8.41437825386037730e-04 7.37519641916151159e-04 6.29978681786269590e-04 5.39994904556806432e-04 4.71110303891464355e-04 4.20450045055531518e-04 3.85454709544319485e-04 3.63919047998706446e-04 3.53945540808808801e-04 3.53915742209665041e-04 3.62451106582284410e-04 3.78374943295511912e-04 3.91281781304542164e-04 3.38883279368928925e-04 2.63544723765107847e-04 2.09655142157316732e-04 1.70961807498315466e-04 1.43457028997318048e-04 1.24077534280786494e-04 1.10474055958320605e-04
0
0
1 0
0 2 3 4 6 8 10 12 14 16 18 20 22 24 26 28 30 32 34 36 38 40 42 44 46 48 50 52 54 56 58 60 62 62 62 62 62 62 62 62 62 62 62 62 62 62 62 62 62 62 62 62 62 62 62 62 62 62 62 62 62 62 62 62
1 2 3 4 5 6 7 8 9 10 11 12 13 14 15 16 17 18 19 20 21 22 23 24 25 26 27 28 29 30 31 32 33 34 35 36 37 38 39 40 41 42 43 44 45 46 47 48 49 50 51 52 53 54 55 56 57 58 59 60 61 62
1 63 1 -1.66645564316438026e+02 -1.68780420436309385e+02 -1.66189544491310357e+02 -1.67144546102913466e+02 -1.66371440749679749e+02 -1.67628968683367589e+02 -1.66850164966252180e+02 -1.66492334470449634e+02 -1.66272540015142852e+02 -1.68038124788877809e+02 -1.67351007198708544e+02 -1.66982531403368938e+02 -1.66739676113385656e+02 -1.66564005603775996e+02 -1.66428626031107115e+02 -1.66319695989767865e+02 -1.66229298667205086e+02 -1.68342675848225184e+02 -1.67810563001588378e+02 -1.67478529418833148e+02 -1.67240939435378749e+02 -1.67059116269021672e+02 -1.66913222303929615e+02 -1.66792572061014482e+02 -1.66690845834495633e+02 -1.66603403571315852e+02 -1.66527068268762008e+02 -1.66459583800515986e+02 -1.66399294528580469e+02 -1.66344946236064459e+02 -1.66295590147600308e+02 -1.66250466473103245e+02 -1.66209048205693875e+02 -1.68555411113573427e+02 -1.68189581648297576e+02 -1.67924343891137255e+02 -1.67718556701947364e+02 -1.67551995530079580e+02 -1.67412992887548398e+02 -1.67294355098320182e+02 -1.67191331717220464e+02 -1.67100626627468131e+02 -1.67019830651018879e+02 -1.66947035415823905e+02 -1.66880956115449010e+02 -1.66820738534951545e+02 -1.66765584092295512e+02 -1.66714789863636724e+02 -1.66667784625421774e+02 -1.66624098489167409e+02 -1.66583340668497925e+02 -1.66545182990728193e+02 -1.66509347453863597e+02 -1.66475596684376228e+02 -1.66443726540868255e+02 -1.66413568998062487e+02 -1.66385028755850726e+02 -1.66357929948148353e+02 -1.66332111457773976e+02 -1.66307472106876617e+02 -1.66283921624342554e+02 -1.66261379166588767e+02 -1.66239772096098193e+02
custom
2.00000000000000011e-01 3.00000000000000000e+00
TASMANIAN SG end
