TASMANIAN SG 4.0
WARNING: do not edit this manually
localpolynomial
1 1 1 6
localp
1 1 63 0 1 2 3 4 5 6 7 8 9 10 11 12 13 14 15 16 17 18 19 20 21 22 23 24 25 26 27 28 29 30 31 32 33 34 35 36 37 38 39 40 41 42 43 44 45 46 47 48 49 50 51 52 53 54 55 56 57 58 59 60 61 62
1  -1.22732215058870949e+02 -2.72075560616903545e+00 5.69022508253269166e-01 7.34450664692019473e-01 5.78510431694354565e-02 4.34821200164620336e-01 5.68489143495156668e-02 2.03464487009483719e-02 9.86542342110396930e-03 2.17755455658121377e-01 4.59717484672808041e-02 1.88147869999113482e-02 1.03106199878340021e-02 6.20513279595513723e-03 4.15806489425563086e-03 2.85239166991857473e-03 2.13688422118707422e-03 8.82102983847374844e-02 3.00647592739267111e-02 1.48129867227027034e-02 8.74071394454745132e-03 5.59451490349260894e-03 3.98876743297194025e-03 2.96000903685467165e-03 2.23186832950261760e-03 1.73485731281175504e-03 1.38200491919349133e-03 1.12336231764231798e-03 9.49262778291881659e-04 7.72536897457598570e-04 6.56981837849457406e-04 5.64544685673240565e-04 4.38142731013613229e-04 5.69265006775765414e-03 7.19441639972728808e-04 3.06670244754059240e-09 1.08715184265406606e-03 1.66418596450057521e-03 1.77784890642840310e-03 1.70833255560864927e-03 1.56766074789516097e-03 1.40388925711931734e-03 1.20524249831532870e-03 1.06091987804290966e-03 9.58235682844588155e-04 8.16317574091840470e-04 6.88325538575895735e-04 5.73147037769672352e-04 4.69549053974560593e-04 3.76268327073603359e-04 2.92164064006783519e-04 2.16188870055589177e-04 1.47411282043208303e-04 8.50165331769403565e-05 2.82825600521618981e-05 5.03703745380335022e-10 2.26279671835527552e-05 6.09239438063013949e-05 8.82423029651135948e-05 1.06858269532494887e-04 1.18554797850833893e-04 1.24742344141282047e-04 1.26544890122204379e-04
0
0
1 0
0 2 3 4 6 8 10 12 14 16 18 20 22 24 26 28 30 32 34 36 38 40 42 44 46 48 50 52 54 56 58 60 62 62 62 62 62 62 62 62 62 62 62 62 62 62 62 62 62 62 62 62 62 62 62 62 62 62 62 62 62 62 62 62
1 2 3 4 5 6 7 8 9 10 11 12 13 14 15 16 17 18 19 20 21 22 23 24 25 26 27 28 29 30 31 32 33 34 35 36 37 38 39 40 41 42 43 44 45 46 47 48 49 50 51 52 53 54 55 56 57 58 59 60 61 62
1 63 1 -1.22732215058870949e+02 -1.25452970665039985e+02 -1.22163192550617680e+02 -1.23358142197263447e+02 -1.22389852761574872e+02 -1.23970735230987088e+02 -1.22988329713717690e+02 -1.22540687461521969e+02 -1.22266657232675186e+02 -1.24494097492355408e+02 -1.23618466965658001e+02 -1.23154421168490657e+02 -1.22849961766306492e+02 -1.22630246127400497e+02 -1.22461112046654151e+02 -1.22325402605455110e+02 -1.22212788007425246e+02 -1.24885323780312973e+02 -1.24202351602397314e+02 -1.23779788111599842e+02 -1.23479563867516163e+02 -1.23250687167973553e+02 -1.23067386673671194e+02 -1.22916185730975229e+02 -1.22788856544259204e+02 -1.22679495735822925e+02 -1.22584084789542047e+02 -1.22499776391770411e+02 -1.22424533141336227e+02 -1.22356855146617534e+02 -1.22295372937227299e+02 -1.22239158075364543e+02 -1.22187552136290449e+02 -1.25163454572608714e+02 -1.24688991194694225e+02 -1.24348224544309659e+02 -1.24085456264849569e+02 -1.23873597485328958e+02 -1.23697349689722500e+02 -1.23547307084031488e+02 -1.23417285371641924e+02 -1.23303010793361381e+02 -1.23201348925733782e+02 -1.23109843001202890e+02 -1.23026899958011612e+02 -1.22951441404772368e+02 -1.22882385423102278e+02 -1.22818836008245086e+02 -1.22760066252511095e+02 -1.22705479129019864e+02 -1.22654578767547719e+02 -1.22606949269601230e+02 -1.22562238714249958e+02 -1.22520146910113027e+02 -1.22480415936652236e+02 -1.22442822593491485e+02 -1.22407170323488387e+02 -1.22373293030152411e+02 -1.22341040633733371e+02 -1.22310280913071651e+02 -1.22280896530153370e+02 -1.22252782911675723e+02 -1.22225846496504758e+02
custom
2.00000000000000011e-01 3.00000000000000000e+00
TASMANIAN SG end
