TASMANIAN SG 4.0
WARNING: do not edit this manually
localpolynomial
1 1 1 6
localp
1 1 63 0 1 2 3 4 5 6 7 8 9 10 11 12 13 14 15 16 17 18 19 20 21 22 23 24 25 26 27 28 29 30 31 32 33 34 35 36 37 38 39 40 41 42 43 44 45 46 47 48 49 50 51 52 53 54 55 56 57 58 59 60 61 62
1  -2.52350543058526142e+02 -1.03133011899262783e+00 2.34569689111566504e-01 2.63239736265660440e-01 2.35370309925713173e-02 1.50251708539457240e-01 2.19569887985642254e-02 8.16561716541741589e-03 4.02271175443047468e-03 7.43220885208586424e-02 1.68278226298070877e-02 7.24361643852944326e-03 4.07230867395469431e-03 2.48391592799634964e-03 1.67667707003715805e-03 1.15171199723818063e-03 8.94504084044456249e-04 2.84574486604185495e-02 1.02249025836727014e-02 5.31421168952306289e-03 3.26902680606622198e-03 2.16495430899499297e-03 1.51169396232830877e-03 1.16207981048432885e-03 8.86071170043578604e-04 6.93111242782151749e-04 5.54210113165254370e-04 4.50620562332915142e-04 3.92520523007533484e-04 3.15425550240888697e-04 2.65198089749674182e-04 2.29661053822383110e-04 1.96065957680957581e-04 4.56231537799567377e-03 7.15084075949334874e-04 5.97609073338389862e-09 9.86166558760714906e-04 1.22769208496720239e-03 1.09392935905816557e-03 9.01410916867462220e-04 7.31311793344957550e-04 5.97289491054198152e-04 4.88494847644460606e-04 4.06826336956100931e-04 3.51632490094289096e-04 3.10679451104078908e-04 2.70727602639908582e-04 2.36054707130506358e-04 2.07533376084256815e-04 1.83838199092178911e-04 1.63548705785387938e-04 1.44873548407531416e-04 1.25489368144826585e-04 1.02411527024059978e-04 7.18987591881159460e-05 3.70985483186814236e-05 1.74495255862439080e-05 3.17335739339341671e-05 5.39819944549435604e-05 6.22170697965884756e-05 6.25245534422447236e-05 5.94976425531967834e-05 5.55561846624641476e-05
0
0
1 0
0 2 3 4 6 8 10 12 14 16 18 20 22 24 26 28 30 32 34 36 38 40 42 44 46 48 50 52 54 56 58 60 62 62 62 62 62 62 62 62 62 62 62 62 62 62 62 62 62 62 62 62 62 62 62 62 62 62 62 62 62 62 62 62
1 2 3 4 5 6 7 8 9 10 11 12 13 14 15 16 17 18 19 20 21 22 23 24 25 26 27 28 29 30 31 32 33 34 35 36 37 38 39 40 41 42 43 44 45 46 47 48 49 50 51 52 53 54 55 56 57 58 59 60 61 62
1 63 1 -2.52350543058526142e+02 -2.53381873177518770e+02 -2.52115973369414576e+02 -2.52602968381756796e+02 -2.52209721182977802e+02 -2.52842169071098311e+02 -2.52454798731342919e+02 -2.52271966503586555e+02 -2.52158824564441773e+02 -2.53037699035787682e+02 -2.52705740903797761e+02 -2.52521639940111299e+02 -2.52398598586260562e+02 -2.52308770865128366e+02 -2.52239167166212098e+02 -2.52183121161712535e+02 -2.52136504462844130e+02 -2.53181328657992822e+02 -2.52929709150859367e+02 -2.52768640775758513e+02 -2.52651085615971198e+02 -2.52560139206625053e+02 -2.52486707641764781e+02 -2.52425536578991284e+02 -2.52373684751223323e+02 -2.52328963850584444e+02 -2.52289814474244281e+02 -2.52255116214336994e+02 -2.52224051654071957e+02 -2.52196105746794956e+02 -2.52170707664987390e+02 -2.52147434852589129e+02 -2.52126042850171672e+02 -2.53277038602377814e+02 -2.53108798762814274e+02 -2.52983704087347405e+02 -2.52884952944420064e+02 -2.52804177231343431e+02 -2.52736096910419064e+02 -2.52677511848967640e+02 -2.52626295687070666e+02 -2.52580956504699884e+02 -2.52540401078520517e+02 -2.52503766964601084e+02 -2.52470401554063756e+02 -2.52439856975715969e+02 -2.52411796855023283e+02 -2.52385905614034783e+02 -2.52361906371498634e+02 -2.52339569616356215e+02 -2.52318703809150634e+02 -2.52299147796137902e+02 -2.52280764999547273e+02 -2.52263438947434736e+02 -2.52247069791515372e+02 -2.52231572311593709e+02 -2.52216868968999279e+02 -2.52202881731312402e+02 -2.52189559472259305e+02 -2.52176852196280151e+02 -2.52164703590161139e+02 -2.52153070210872897e+02 -2.52141914101531938e+02
custom
2.00000000000000011e-01 3.00000000000000000e+00
TASMANIAN SG end
