TASMANIAN SG 4.0
WARNING: do not edit this manually
localpolynomial
1 1 1 6
localp
1 1 63 0 1 2 3 4 5 6 7 8 9 10 11 12 13 14 15 16 17 18 19 20 21 22 23 24 25 26 27 28 29 30 31 32 33 34 35 36 37 38 39 40 41 42 43 44 45 46 47 48 49 50 51 52 53 54 55 56 57 58 59 60 61 62
1  -2.70331181932875836e+02 -8.09245646941292307e-01 1.87905193041444818e-01 2.03584196745111967e-01 1.87277383756168092e-02 1.15141161272390491e-01 1.72855538972385148e-02 6.52030273914760983e-03 3.24004039225656015e-03 5.67492030227185751e-02 1.30850774066288977e-02 5.70312426799546301e-03 3.22171431071183179e-03 1.97754402120153827e-03 1.33211725341197962e-03 9.41299765031544666e-04 7.14211237038853142e-04 2.13950872215491472e-02 7.79553708110825028e-03 4.11501699022664980e-03 2.55298412565707622e-03 1.70158580613133381e-03 1.18894346996967215e-03 9.15921322985013830e-04 7.02635935908801912e-04 5.50815146937111422e-04 4.42339920084577898e-04 3.63409330191188928e-04 3.01764381845259777e-04 2.55980175040804170e-04 2.13794817966572737e-04 1.83405786344792432e-04 1.56601512003362586e-04 3.82878693136490256e-03 6.33034219106320961e-04 6.34082653050427325e-09 8.53291304395042971e-04 1.01315828970882649e-03 8.75070503411734535e-04 7.09148680812177190e-04 5.72173051637037133e-04 4.67754842532031034e-04 3.84977661042285035e-04 3.20684003099813708e-04 2.75948668218006787e-04 2.43830117142351810e-04 2.14156763433948072e-04 1.87176584745429864e-04 1.64699403285339940e-04 1.45804508122182597e-04 1.29778772418376320e-04 1.16430317348203971e-04 1.06359287656232482e-04 1.01258700397011125e-04 1.04240092696272768e-04 1.18710616334283259e-04 1.24661365475731145e-04 1.07792435471765202e-04 7.82650292308062490e-05 5.97916914557572454e-05 5.18640487143784412e-05 4.74185555958683835e-05 4.41401095372384589e-05
0
0
1 0
0 2 3 4 6 8 10 12 14 16 18 20 22 24 26 28 30 32 34 36 38 40 42 44 46 48 50 52 54 56 58 60 62 62 62 62 62 62 62 62 62 62 62 62 62 62 62 62 62 62 62 62 62 62 62 62 62 62 62 62 62 62 62 62
1 2 3 4 5 6 7 8 9 10 11 12 13 14 15 16 17 18 19 20 21 22 23 24 25 26 27 28 29 30 31 32 33 34 35 36 37 38 39 40 41 42 43 44 45 46 47 48 49 50 51 52 53 54 55 56 57 58 59 60 61 62
1 63 1 -2.70331181932875836e+02 -2.71140427579817128e+02 -2.70143276739834391e+02 -2.70532220559601342e+02 -2.70218501597979525e+02 -2.70721182908436845e+02 -2.70414415692341322e+02 -2.70268321462688561e+02 -2.70177649128514645e+02 -2.70874056041104268e+02 -2.70613616656612521e+02 -2.70467615001703393e+02 -2.70369577098297896e+02 -2.70297774153760940e+02 -2.70242079413080660e+02 -2.70197134063482054e+02 -2.70159748722937479e+02 -2.70985846723239206e+02 -2.70789823937689448e+02 -2.70663284765534456e+02 -2.70570365623981274e+02 -2.70498216194846236e+02 -2.70439826403552388e+02 -2.70391080473996624e+02 -2.70349676879650985e+02 -2.70313927228171451e+02 -2.70282605468304610e+02 -2.70254837028554391e+02 -2.70229988741148247e+02 -2.70207561850555749e+02 -2.70187177801180439e+02 -2.70168515519939774e+02 -2.70151356129873989e+02 -2.71059308364596745e+02 -2.70929318347952574e+02 -2.70831939983056031e+02 -2.70754650131758751e+02 -2.70691220678695913e+02 -2.70637575640570049e+02 -2.70591281991616086e+02 -2.70550720918739671e+02 -2.70514750622381314e+02 -2.70482530620613772e+02 -2.70453400018624734e+02 -2.70426845099278694e+02 -2.70402504253051859e+02 -2.70380114629383854e+02 -2.70359439812389724e+02 -2.70340264706860125e+02 -2.70322408776015550e+02 -2.70305720912193806e+02 -2.70290073380715455e+02 -2.70275357106208901e+02 -2.70261477986921022e+02 -2.70248353980724858e+02 -2.70235915366498034e+02 -2.70224120508198325e+02 -2.70212923931832051e+02 -2.70202269691989727e+02 -2.70192096140639819e+02 -2.70182361600798856e+02 -2.70173034905671614e+02 -2.70164087981329033e+02
custom
2.00000000000000011e-01 3.00000000000000000e+00
TASMANIAN SG end
