TASMANIAN SG 4.0
WARNING: do not edit this manually
localpolynomial
1 1 1 6
localp
1 1 63 0 1 2 3 4 5 6 7 8 9 10 11 12 13 14 15 16 17 18 19 20 21 22 23 24 25 26 27 28 29 30 31 32 33 34 35 36 37 38 39 40 41 42 43 44 45 46 47 48 49 50 51 52 53 54 55 56 57 58 59 60 61 62
1  -6.78359764805542795e+01 -3.46709724888327742e+00 7.10156138127544523e-01 9.48947919305979326e-01 7.22646492433227650e-02 5.66647698266336874e-01 7.20033049090602617e-02 2.54239186471494349e-02 1.23638839458379834e-02 2.84474615580236900e-01 5.91354722234598285e-02 2.39043155490605841e-02 1.29835351132783217e-02 7.78726077807334605e-03 5.12284386884687137e-03 3.59291195101718586e-03 2.64119336577550712e-03 1.16666413574634475e-01 3.92965163562166708e-02 1.91527165698914814e-02 1.11789547485585672e-02 7.07537216733555852e-03 5.10076668162184887e-03 3.73122076126719548e-03 2.80734089976419909e-03 2.17857482185479512e-03 1.73320815004274209e-03 1.40734948497822643e-03 1.16242828666202058e-03 9.74163392868376832e-04 8.26616346301989324e-04 7.09046531937929103e-04 6.13991942771008326e-04 3.96108698666353121e-03 4.74207727776843058e-04 1.73073999576445203e-09 7.33147211917639652e-04 1.18628377929042017e-03 1.34394692059913723e-03 1.37452112555536132e-03 1.34811137230883560e-03 1.29646710743713811e-03 1.20180953099691123e-03 1.14960412480513696e-03 1.13689090710522578e-03 1.07007958490612509e-03 1.00800864879602159e-03 9.50718691584029330e-04 8.98042696576339949e-04 8.49640647984983843e-04 8.05178180584675829e-04 7.64305780208474062e-04 7.26677148676913021e-04 6.91986698839741621e-04 6.59949201306631039e-04 6.16581476194255629e-04 5.32144047369342843e-04 4.59551155401527467e-04 3.96876406625779055e-04 3.42527683187654475e-04 2.95219742795893580e-04 2.53885042198476185e-04 2.17655586624232456e-04
0
0
1 0
0 2 3 4 6 8 10 12 14 16 18 20 22 24 26 28 30 32 34 36 38 40 42 44 46 48 50 52 54 56 58 60 62 62 62 62 62 62 62 62 62 62 62 62 62 62 62 62 62 62 62 62 62 62 62 62 62 62 62 62 62 62 62 62
1 2 3 4 5 6 7 8 9 10 11 12 13 14 15 16 17 18 19 20 21 22 23 24 25 26 27 28 29 30 31 32 33 34 35 36 37 38 39 40 41 42 43 44 45 46 47 48 49 50 51 52 53 54 55 56 57 58 59 60 61 62
1 63 1 -6.78359764805542795e+01 -7.13030737294375569e+01 -6.71258203424267350e+01 -6.86205771856899389e+01 -6.74086337622471774e+01 -6.93951777592973968e+01 -6.81562735282130632e+01 -6.75968812027535790e+01 -6.72548631683911253e+01 -7.00646511287872471e+01 -6.89487420002702152e+01 -6.83645210414024262e+01 -6.79831414692703930e+01 -6.77086415808758488e+01 -6.74976346386315385e+01 -6.73281555533681484e+01 -6.71877005620431476e+01 -7.05671960155377747e+01 -6.96906179276861195e+01 -6.91528071632139074e+01 -6.87734806382315185e+01 -6.84854737413788541e+01 -6.82552965181261158e+01 -6.80659762779804538e+01 -6.79067516340125650e+01 -6.77701304558932094e+01 -6.76510281836646925e+01 -6.75458505712075805e+01 -6.74519717721526746e+01 -6.73674204944147874e+01 -6.72906827445333278e+01 -6.72205728186852127e+01 -6.71561464602921774e+01 -7.09311737855009881e+01 -7.03154493644347411e+01 -6.98776345265059433e+01 -6.95421646962798548e+01 -6.92728061774763830e+01 -6.90494306348214479e+01 -6.88597367981253257e+01 -6.86956808005884056e+01 -6.85517289964269594e+01 -6.84237955818596504e+01 -6.83087591756394801e+01 -6.82046481322624629e+01 -6.81100548235118595e+01 -6.80235508649766274e+01 -6.79439958329499092e+01 -6.78704660145868530e+01 -6.78022038275757666e+01 -6.77385808402039515e+01 -6.76790705764900622e+01 -6.76232280160604518e+01 -6.75706739002817329e+01 -6.75210826557182600e+01 -6.74741866239159265e+01 -6.74297706231525780e+01 -6.73875675771755880e+01 -6.73473911474848279e+01 -6.73090766212675504e+01 -6.72724777367194235e+01 -6.72374641084959563e+01 -6.72039190347775417e+01
custom
2.00000000000000011e-01 3.00000000000000000e+00
TASMANIAN SG end
