 kgrid  ValNew  Policy 
    0.85  -51.083     0.85
    0.86  -49.843     0.85
    0.87 -48.7667     0.85
    0.88 -47.8243     0.86
    0.89 -46.8997     0.86
     0.9 -46.0251     0.87
    0.91 -45.2001     0.88
    0.92 -44.4002     0.89
    0.93 -43.6229     0.89
    0.94 -42.8626      0.9
    0.95 -42.1256     0.91
    0.96 -41.4103     0.92
    0.97 -40.7141     0.93
    0.98 -40.0356     0.94
    0.99 -39.3765     0.95
       1 -38.7337     0.96
    1.01 -38.1066     0.96
    1.02 -37.4878     0.97
    1.03 -36.8838     0.98
    1.04 -36.2951     0.99
    1.05 -35.7195        1
    1.06 -35.1584     1.01
    1.07 -34.6093     1.02
    1.08 -34.0741     1.03
    1.09 -33.5502     1.04
     1.1 -33.0391     1.05
    1.11 -32.5367     1.05
    1.12 -32.0416     1.06
    1.13 -31.5579     1.07
    1.14 -31.0846     1.08
    1.15 -30.6212     1.09